xof 0303txt 0032
template VertexDuplicationIndices {
 <b8d65549-d7c9-4995-89cf-53a9a8b031e3>
 DWORD nIndices;
 DWORD nOriginalVertices;
 array DWORD indices[nIndices];
}

template EffectParamDWord {
 <e13963bc-ae51-4c5d-b00f-cfa3a9d97ce5>
 STRING ParamName;
 DWORD Value;
}

template FVFData {
 <b6e70a0e-8ef9-4e83-94ad-ecc8b0c04897>
 DWORD dwFVF;
 DWORD nDWords;
 array DWORD data[nDWords];
}

template EffectFloats {
 <f1cfe2b3-0de3-4e28-afa1-155a750a282d>
 DWORD nFloats;
 array FLOAT Floats[nFloats];
}

template EffectString {
 <d55b097e-bdb6-4c52-b03d-6051c89d0e42>
 STRING Value;
}

template EffectDWord {
 <622c0ed0-956e-4da9-908a-2af94f3ce716>
 DWORD Value;
}

template EffectInstance {
 <e331f7e4-0559-4cc2-8e99-1cec1657928f>
 STRING EffectFilename;
 [...]
}

template AnimTicksPerSecond {
 <9e415a43-7ba6-4a73-8743-b73d47e88476>
 DWORD AnimTicksPerSecond;
}

template VertexElement {
 <f752461c-1e23-48f6-b9f8-8350850f336f>
 DWORD Type;
 DWORD Method;
 DWORD Usage;
 DWORD UsageIndex;
}

template DeclData {
 <bf22e553-292c-4781-9fea-62bd554bdd93>
 DWORD nElements;
 array VertexElement Elements[nElements];
 DWORD nDWords;
 array DWORD data[nDWords];
}

template EffectParamFloats {
 <3014b9a0-62f5-478c-9b86-e4ac9f4e418b>
 STRING ParamName;
 DWORD nFloats;
 array FLOAT Floats[nFloats];
}

template EffectParamString {
 <1dbc4c88-94c1-46ee-9076-2c28818c9481>
 STRING ParamName;
 STRING Value;
}


AnimTicksPerSecond {
 4800;
}

Frame {
 

 FrameTransformMatrix {
  1.000000,0.000000,0.000000,0.000000,0.000000,1.000000,0.000000,0.000000,0.000000,0.000000,1.000000,0.000000,0.000000,0.000000,0.000000,1.000000;;
 }

 Frame Armature {
  

  FrameTransformMatrix {
   39.370079,0.000000,-0.000000,0.000000,-0.000000,0.000002,-39.370075,0.000000,0.000000,39.370075,0.000002,0.000000,0.000000,0.000000,0.000000,1.000000;;
  }

  Frame Root {
   

   FrameTransformMatrix {
    -0.977551,0.131132,-0.164916,0.000000,-0.191743,-0.878117,0.438343,0.000000,-0.087335,0.460125,0.883548,0.000000,-1.181040,18.308346,44.284904,1.000000;;
   }

   Frame Bottom {
    

    FrameTransformMatrix {
     0.987516,0.047551,0.150174,0.000000,-0.015578,0.978156,-0.207288,0.000000,-0.156750,0.202361,0.966685,0.000000,0.000000,-0.460119,-5.364093,1.000000;;
    }

    Frame R_Waist2 {
     

     FrameTransformMatrix {
      -0.469647,0.519108,-0.714113,0.000000,0.751074,0.660067,-0.014135,0.000000,0.464025,-0.542990,-0.699887,0.000000,-9.902210,13.646498,5.033100,1.000000;;
     }

     Frame R_Skirt2 {
      

      FrameTransformMatrix {
       0.878373,-0.460778,0.127060,0.000000,0.448616,0.886488,0.113505,0.000000,-0.164937,-0.042698,0.985379,0.000000,23.380346,-8.102920,-0.314894,1.000000;;
      }
     }
    }

    Frame R_Waist1 {
     

     FrameTransformMatrix {
      -0.447015,-0.133459,-0.884514,0.000000,-0.558002,0.814442,0.159117,0.000000,0.699150,0.564688,-0.438538,0.000000,-17.297401,-9.490670,3.794521,1.000000;;
     }

     Frame R_Skirt1 {
      

      FrameTransformMatrix {
       0.955548,-0.205785,0.211143,0.000000,0.208802,0.977924,0.008155,0.000000,-0.208160,0.036294,0.977421,0.000000,19.427765,-0.695258,-2.316024,1.000000;;
      }
     }
    }

    Frame F_Skirt1 {
     

     FrameTransformMatrix {
      -0.140697,0.451068,0.881329,0.000000,-0.966914,-0.253931,-0.024397,0.000000,0.212793,-0.855603,0.471872,0.000000,-0.000171,-20.031097,2.063087,1.000000;;
     }

     Frame F_Skirt2 {
      

      FrameTransformMatrix {
       0.997120,0.066422,0.036597,0.000000,-0.069832,0.992382,0.101493,0.000000,-0.029577,-0.103756,0.994163,0.000000,-18.377743,-2.177856,1.461501,1.000000;;
      }
     }
    }

    Frame B_Skirt1 {
     

     FrameTransformMatrix {
      0.232119,-0.640070,0.732414,0.000000,0.937792,0.347143,0.006167,0.000000,-0.258200,0.685421,0.680831,0.000000,-0.000173,25.593992,-1.698925,1.000000;;
     }

     Frame B_Skirt2 {
      

      FrameTransformMatrix {
       0.990478,0.137663,-0.001741,0.000000,-0.136590,0.984179,0.112848,0.000000,0.017249,-0.111536,0.993610,0.000000,-21.699511,-0.124667,0.326651,1.000000;;
      }
     }
    }

    Frame L_Waist2 {
     

     FrameTransformMatrix {
      -0.469769,-0.519239,0.713938,0.000000,0.751024,-0.660125,0.014070,0.000000,0.463983,0.542795,0.700067,0.000000,10.578624,13.499844,4.994131,1.000000;;
     }

     Frame L_Skirt2 {
      

      FrameTransformMatrix {
       0.757165,0.626838,0.183781,0.000000,-0.649844,0.751406,0.114420,0.000000,-0.066371,-0.206064,0.976285,0.000000,-30.300894,0.138310,-0.346489,1.000000;;
      }
     }
    }

    Frame L_Waist1 {
     

     FrameTransformMatrix {
      -0.447093,0.133575,0.884458,0.000000,-0.558075,-0.814392,-0.159114,0.000000,0.699042,-0.564733,0.438654,0.000000,23.168343,-4.484204,1.604087,1.000000;;
     }

     Frame L_Skirt1 {
      

      FrameTransformMatrix {
       0.980072,-0.080356,0.181663,0.000000,0.010924,0.934946,0.354623,0.000000,-0.198341,-0.345571,0.917192,0.000000,-17.748114,-1.197405,0.690637,1.000000;;
      }
     }
    }
   }

   Frame Spine1 {
    

    FrameTransformMatrix {
     0.986505,0.160683,0.031444,0.000000,-0.160941,0.986947,0.005835,0.000000,-0.030096,-0.010817,0.999488,0.000000,0.000001,-0.389016,13.486294,1.000000;;
    }

    Frame R_Staff {
     

     FrameTransformMatrix {
      0.546891,0.837202,-0.001823,0.000000,0.033043,-0.023761,-0.999171,0.000000,-0.836551,0.546377,-0.040659,0.000000,-30.649544,-21.193230,5.113357,1.000000;;
     }
    }

    Frame R_Clavicle {
     

     FrameTransformMatrix {
      0.977847,0.192353,-0.082562,0.000000,0.196680,-0.979298,0.047867,0.000000,-0.071645,-0.063044,-0.995435,0.000000,-7.875660,-1.530968,9.791068,1.000000;;
     }

     Frame R_Shoulder {
      

      FrameTransformMatrix {
       -0.875970,-0.399432,0.270426,0.000000,0.410109,-0.911850,-0.018413,0.000000,0.253942,0.094775,0.962565,0.000000,-8.139057,-2.299803,5.280047,1.000000;;
      }

      Frame R_Elbow {
       

       FrameTransformMatrix {
        -0.144569,-0.988007,0.054234,0.000000,0.983683,-0.149435,-0.100179,0.000000,0.107082,0.038866,0.993490,0.000000,13.932297,-0.000003,-0.000014,1.000000;;
       }

       Frame R_Hand {
        

        FrameTransformMatrix {
         0.995025,0.065574,-0.075003,0.000000,0.069093,0.088163,0.993707,0.000000,0.071774,-0.993945,0.083194,0.000000,12.104696,0.000006,0.000004,1.000000;;
        }
       }
      }
     }
    }

    Frame F_Collar {
     

     FrameTransformMatrix {
      0.997608,-0.035195,0.059498,0.000000,0.033775,0.999124,0.024711,0.000000,-0.060316,-0.022643,0.997922,0.000000,1.035800,-23.317125,2.462383,1.000000;;
     }
    }

    Frame B_Collar {
     

     FrameTransformMatrix {
      0.994920,0.043527,-0.090768,0.000000,-0.034597,0.994611,0.097735,0.000000,0.094533,-0.094098,0.991065,0.000000,-1.160261,19.227732,4.752777,1.000000;;
     }
    }

    Frame L_Scroll {
     

     FrameTransformMatrix {
      0.939828,-0.128978,-0.316368,0.000000,0.007776,0.933838,-0.357611,0.000000,0.341561,0.333632,0.878650,0.000000,39.231213,-1.207168,-0.798548,1.000000;;
     }
    }

    Frame L_Clavicle {
     

     FrameTransformMatrix {
      0.946549,0.321014,-0.031548,0.000000,-0.321597,0.946751,-0.015407,0.000000,0.024922,0.024729,0.999383,0.000000,7.875660,-1.530991,9.791061,1.000000;;
     }

     Frame L_Shoulder {
      

      FrameTransformMatrix {
       -0.856314,0.212770,0.470590,0.000000,-0.154566,-0.975010,0.159578,0.000000,0.492783,0.063912,0.867802,0.000000,8.139076,2.299780,-5.279981,1.000000;;
      }

      Frame L_Elbow {
       

       FrameTransformMatrix {
        1.000000,0.000090,-0.000001,0.000000,-0.000090,0.998040,-0.062585,0.000000,-0.000005,0.062585,0.998040,0.000000,-15.506062,-0.000006,-0.000011,1.000000;;
       }

       Frame L_Hand {
        

        FrameTransformMatrix {
         0.766095,-0.472405,-0.435813,0.000000,0.060128,-0.622417,0.780373,0.000000,-0.639909,-0.624044,-0.448426,0.000000,-13.472101,-0.000010,-0.000235,1.000000;;
        }
       }
      }
     }
    }

    Frame Head {
     

     FrameTransformMatrix {
      0.996697,-0.006667,0.080936,0.000000,0.024028,0.976210,-0.215491,0.000000,-0.077574,0.216724,0.973146,0.000000,2.485444,0.480236,21.912926,1.000000;;
     }

     Frame Hood1 {
      

      FrameTransformMatrix {
       -0.078333,-0.937005,0.340420,0.000000,0.996533,-0.083199,0.000305,0.000000,0.028037,0.339263,0.940274,0.000000,0.049930,10.763098,15.637902,1.000000;;
      }

      Frame Hood2 {
       

       FrameTransformMatrix {
        0.995706,-0.091490,0.014083,0.000000,0.091753,0.995594,-0.019358,0.000000,-0.012250,0.020567,0.999713,0.000000,-13.261719,0.020036,1.086192,1.000000;;
       }
      }
     }
    }
   }
  }
 }

 Frame Model {
  

  FrameTransformMatrix {
   39.370079,0.000000,0.000003,0.000000,0.000003,-0.000006,-39.370079,0.000000,0.000000,39.370079,-0.000006,0.000000,-0.000000,-0.000038,0.000038,1.000000;;
  }

  Mesh Model {
   978;
   47.998604;51.427601;43.602501;,
   49.527100;55.879501;44.918598;,
   46.218601;55.890202;44.778801;,
   39.976101;69.335800;48.192101;,
   53.665298;72.166702;50.094299;,
   55.833099;74.437698;49.110500;,
   55.533600;55.713402;41.659000;,
   61.269299;68.349602;42.390400;,
   57.399605;80.815697;30.672400;,
   51.031799;88.132698;41.537899;,
   35.732700;76.518501;43.001499;,
   36.683601;72.672897;45.296001;,
   39.976101;69.335800;48.192101;,
   55.315804;50.326500;40.146801;,
   52.794800;88.116898;35.324699;,
   44.754299;88.149002;30.442602;,
   42.334999;88.121902;39.185699;,
   50.765999;88.074501;32.034000;,
   43.493004;55.317101;44.794300;,
   46.218601;55.890202;44.778801;,
   40.416302;55.508301;41.641399;,
   34.012798;70.928101;40.560101;,
   40.704399;51.057098;39.887402;,
   39.174500;55.794796;39.089500;,
   34.604198;68.303802;29.267797;,
   39.087898;55.889599;32.624199;,
   40.560001;50.462700;31.627298;,
   38.333401;72.583199;24.926901;,
   40.699699;55.889599;29.832499;,
   40.882000;77.711899;23.723200;,
   42.884399;71.447701;21.915199;,
   46.342098;55.794796;26.674999;,
   54.431198;68.125198;22.569498;,
   49.129398;55.751301;26.574499;,
   47.785500;51.057098;27.622702;,
   57.399605;80.815697;30.672400;,
   61.314701;74.454300;28.129803;,
   50.765999;88.074501;32.034000;,
   52.794800;88.116898;35.324699;,
   54.936104;56.020302;29.913101;,
   62.123199;72.329903;30.073700;,
   56.566502;55.879604;32.726101;,
   54.649799;51.427601;32.082199;,
   61.269299;68.349602;42.390400;,
   56.746796;55.713402;39.557598;,
   55.315804;50.326500;40.146801;,
   48.072201;-22.781500;35.964699;,
   42.429901;-21.078899;38.929798;,
   42.650200;-21.572397;32.827801;,
   47.978600;-20.632401;42.224499;,
   53.400398;-20.930502;39.034698;,
   53.452099;-20.632401;32.744400;,
   47.824299;-21.078899;29.586302;,
   59.586399;35.932701;29.153999;,
   59.588402;36.148602;42.613499;,
   51.193001;31.348301;34.201599;,
   50.907200;31.341501;37.601601;,
   48.105598;31.348301;39.549000;,
   47.931000;35.932701;49.341702;,
   44.713699;31.388998;37.697399;,
   36.277100;36.125900;42.683701;,
   44.776001;31.465502;34.061798;,
   36.254196;36.385101;29.141699;,
   47.993500;36.125900;22.390400;,
   47.893501;31.388998;32.189999;,
   47.931000;35.932701;49.341702;,
   59.588402;36.148602;42.613499;,
   48.006001;43.048801;49.469700;,
   59.591801;43.154499;42.615700;,
   48.463402;44.621498;46.496799;,
   39.063900;44.640900;41.189499;,
   36.332901;43.123001;42.667400;,
   36.277100;36.125900;42.683701;,
   36.254196;36.385101;29.141699;,
   59.734699;43.048801;29.155003;,
   57.388802;44.621498;31.037500;,
   56.866898;44.621498;41.042400;,
   59.586399;35.932701;29.153999;,
   48.007198;43.123001;22.446899;,
   48.092899;44.640900;25.551001;,
   56.902100;53.425201;26.926300;,
   54.649799;51.427601;32.082199;,
   60.092999;53.432098;32.472198;,
   47.993500;36.125900;22.390400;,
   36.287800;42.952099;29.160997;,
   39.054699;44.672401;30.758602;,
   45.119301;53.104198;23.430300;,
   47.785500;51.057098;27.622702;,
   50.242199;53.358799;23.475599;,
   35.740601;53.104198;39.674702;,
   35.767799;53.225899;32.157200;,
   40.560001;50.462700;31.627298;,
   38.622601;53.225899;27.212603;,
   46.342098;55.794796;26.674999;,
   40.704399;51.057098;39.887402;,
   39.174500;55.794796;39.089500;,
   39.087898;55.889599;32.624199;,
   38.268196;53.084900;44.187599;,
   40.416302;55.508301;41.641399;,
   43.493004;55.317101;44.794300;,
   44.590801;53.214901;48.104500;,
   46.218601;55.890202;44.778801;,
   47.998604;51.427601;43.602501;,
   51.057899;53.431999;48.121399;,
   49.527100;55.879501;44.918598;,
   55.533600;55.713402;41.659000;,
   57.614796;53.212799;44.097500;,
   55.315804;50.326500;40.146801;,
   59.886597;53.212799;40.162498;,
   56.746796;55.713402;39.557598;,
   56.566502;55.879604;32.726101;,
   40.699699;55.889599;29.832499;,
   49.129398;55.751301;26.574499;,
   54.936104;56.020302;29.913101;,
   47.893501;31.388998;32.189999;,
   51.193001;31.348301;34.201599;,
   51.682098;-3.593010;33.812801;,
   50.907200;31.341501;37.601601;,
   51.563000;-3.739650;37.980202;,
   53.452099;-20.632401;32.744400;,
   47.868698;-3.795870;31.620098;,
   44.776001;31.465502;34.061798;,
   48.013500;-3.593010;40.167099;,
   47.978600;-20.632401;42.224499;,
   53.400398;-20.930502;39.034698;,
   48.105598;31.348301;39.549000;,
   44.713699;31.388998;37.697399;,
   44.207901;-3.795870;37.960899;,
   42.429901;-21.078899;38.929798;,
   44.335201;-4.009750;33.807098;,
   42.650200;-21.572397;32.827801;,
   47.824299;-21.078899;29.586302;,
   -78.452103;13.045400;70.695503;,
   -69.688599;13.176500;61.339397;,
   -71.552597;17.445200;60.996696;,
   -75.973801;17.482599;27.496302;,
   -79.317703;17.446600;57.452095;,
   -83.137901;17.515600;64.263802;,
   -79.148697;17.504000;69.624603;,
   -85.827003;17.093800;70.144897;,
   -87.588203;10.059500;70.873901;,
   -74.838799;12.798101;25.839100;,
   -93.895103;17.307199;27.124598;,
   -98.114799;17.501400;59.303001;,
   -97.315102;17.557899;62.170502;,
   -90.349800;17.555599;69.411697;,
   -95.128799;13.155400;25.872997;,
   -99.655800;13.875000;61.041996;,
   -91.228203;12.920800;70.900002;,
   -78.452103;13.045400;70.695503;,
   -78.562302;8.345620;68.636200;,
   -69.688599;13.176500;61.339397;,
   -87.588203;10.059500;70.873901;,
   -91.418800;8.261400;68.392601;,
   -98.138603;8.259430;60.321701;,
   -71.494797;8.346240;60.302597;,
   -75.730499;8.395250;27.951200;,
   -74.838799;12.798101;25.839100;,
   -91.228203;12.920800;70.900002;,
   -99.655800;13.875000;61.041996;,
   -94.084297;8.288590;28.068598;,
   -95.128799;13.155400;25.872997;,
   -47.263000;13.259100;36.426800;,
   -47.289299;13.150400;34.137901;,
   -46.274601;16.866899;36.147499;,
   -48.056198;17.149000;32.906300;,
   -48.032001;17.374100;30.759600;,
   -44.208401;19.586500;34.229301;,
   -46.274601;16.866899;36.147499;,
   -41.640900;19.389999;37.114498;,
   -42.547001;13.114700;39.043701;,
   -47.263000;13.259100;36.426800;,
   -39.086201;7.793940;41.969601;,
   -48.983898;7.958660;36.565399;,
   -35.809799;14.889901;39.924301;,
   -35.978001;12.410400;39.695499;,
   -47.263000;13.259100;36.426800;,
   -48.983898;7.958660;36.565399;,
   -48.201000;9.279810;34.229004;,
   -47.289299;13.150400;34.137901;,
   -55.122299;9.148090;31.444401;,
   -55.617195;12.960200;32.787800;,
   -57.660706;8.705140;37.214401;,
   -56.446400;12.898800;36.589100;,
   -54.017300;7.101230;32.506302;,
   -55.597996;6.884680;37.387699;,
   -52.185799;9.742000;43.398998;,
   -52.567001;16.576300;43.718498;,
   -57.517902;17.103800;37.585701;,
   -55.617195;12.960200;32.787800;,
   -52.775002;7.499250;35.281502;,
   -51.147499;6.862920;41.021400;,
   -39.399899;7.721410;44.886902;,
   -40.227100;11.500399;47.458599;,
   -39.881001;14.172400;47.127102;,
   -48.983898;7.958660;36.565399;,
   -39.086201;7.793940;41.969601;,
   -48.983898;7.958660;36.565399;,
   -48.056198;17.149000;32.906300;,
   -46.274601;16.866899;36.147499;,
   -47.289299;13.150400;34.137901;,
   -50.511200;17.872400;32.314899;,
   -55.099098;16.074499;30.574301;,
   -54.076000;18.171000;31.031101;,
   -49.514500;18.939501;36.619301;,
   -55.969601;19.180901;37.445000;,
   -50.306499;20.503201;40.837601;,
   -48.770901;21.616199;37.839001;,
   -49.730900;20.447100;34.193901;,
   -44.106998;21.017300;44.138901;,
   -46.602402;24.073797;38.489399;,
   -49.761799;21.784201;32.083000;,
   -50.511200;17.872400;32.314899;,
   -49.514500;18.939501;36.619301;,
   -38.305302;17.406200;45.285301;,
   -41.309399;21.778299;39.212299;,
   -43.382702;23.493099;35.785599;,
   -46.993004;21.668800;30.032301;,
   -48.923500;18.750698;28.957600;,
   -50.700100;18.815901;30.608103;,
   -36.514900;17.030899;41.005501;,
   -41.640900;19.389999;37.114498;,
   -44.208401;19.586500;34.229301;,
   -48.032001;17.374100;30.759600;,
   -48.056198;17.149000;32.906300;,
   -35.809799;14.889901;39.924301;,
   -37.490101;10.722000;40.889801;,
   -38.607899;16.370899;24.731199;,
   -39.735500;7.404830;25.480200;,
   -41.859699;24.807800;36.918098;,
   -37.410099;17.218500;43.145401;,
   -44.589001;20.826401;48.804298;,
   -40.054001;12.836400;47.292900;,
   -46.524899;11.441600;50.712502;,
   -39.399899;7.721410;44.886902;,
   -46.272900;2.715720;45.234100;,
   -39.843300;2.876820;48.072899;,
   -36.678398;1.785200;38.801102;,
   -30.760899;2.255210;41.875900;,
   -28.782900;7.306980;34.299599;,
   -33.323002;7.014170;30.175200;,
   -43.767899;1.076210;35.092800;,
   -39.735500;7.404830;25.480200;,
   -37.490101;10.722000;40.889801;,
   46.274601;16.866899;36.147499;,
   47.289299;13.150400;34.137901;,
   47.263000;13.259100;36.426800;,
   34.263401;11.117000;53.723499;,
   41.099300;11.134499;52.620201;,
   32.842499;18.091600;50.349400;,
   39.796799;20.043501;50.005100;,
   46.524899;11.441600;50.712502;,
   44.589001;20.826401;48.804298;,
   37.275398;23.141100;40.411400;,
   41.859699;24.807800;36.918098;,
   34.373501;16.065800;29.204998;,
   28.830301;16.079599;34.586899;,
   39.843300;2.876820;48.072899;,
   46.272900;2.715720;45.234100;,
   39.399899;6.808940;44.886902;,
   40.054001;11.924000;47.292900;,
   38.305302;16.493702;45.285301;,
   37.551498;17.898001;42.405602;,
   36.678398;1.785200;38.801102;,
   43.767899;1.076210;35.092800;,
   37.606998;9.793250;40.936298;,
   30.760899;2.255210;41.875900;,
   28.782900;7.306980;34.299599;,
   33.323002;7.014170;30.175200;,
   39.735500;7.404830;25.480200;,
   35.819000;13.959099;39.706200;,
   38.607899;16.370899;24.731199;,
   39.735500;7.404830;25.480200;,
   33.323002;7.014170;30.175200;,
   28.782900;7.306980;34.299599;,
   37.606998;9.793250;40.936298;,
   48.032001;17.374100;30.759600;,
   48.056198;17.149000;32.906300;,
   44.208401;19.586500;34.229301;,
   46.274601;16.866899;36.147499;,
   41.640900;19.389999;37.114498;,
   42.547001;13.114700;39.043701;,
   35.809799;14.889901;39.924301;,
   35.978001;12.410400;39.695499;,
   39.086201;7.793940;41.969601;,
   47.263000;13.259100;36.426800;,
   48.983898;7.958660;36.565399;,
   47.289299;13.150400;34.137901;,
   46.274601;16.866899;36.147499;,
   48.056198;17.149000;32.906300;,
   50.511200;17.872400;32.314899;,
   55.099098;16.074499;30.574301;,
   55.617195;12.960200;32.787800;,
   57.517902;17.103800;37.585701;,
   56.446400;12.898800;36.589100;,
   54.076000;18.171000;31.031101;,
   55.969601;19.180901;37.445000;,
   52.567001;16.576300;43.718498;,
   52.185799;9.742000;43.398998;,
   57.660706;8.705140;37.214401;,
   55.617195;12.960200;32.787800;,
   49.514500;18.939501;36.619301;,
   50.306499;20.503201;40.837601;,
   44.106998;21.017300;44.138901;,
   39.881001;14.172400;47.127102;,
   48.770901;21.616199;37.839001;,
   46.602402;24.073797;38.489399;,
   41.309399;21.778299;39.212299;,
   38.305302;17.406200;45.285301;,
   49.730900;20.447100;34.193901;,
   49.761799;21.784201;32.083000;,
   43.382702;23.493099;35.785599;,
   41.640900;19.389999;37.114498;,
   36.514900;17.030899;41.005501;,
   50.511200;17.872400;32.314899;,
   50.700100;18.815901;30.608103;,
   48.923500;18.750698;28.957600;,
   46.993004;21.668800;30.032301;,
   44.208401;19.586500;34.229301;,
   49.514500;18.939501;36.619301;,
   35.809799;14.889901;39.924301;,
   48.032001;17.374100;30.759600;,
   48.056198;17.149000;32.906300;,
   40.227100;11.500399;47.458599;,
   39.399899;7.721410;44.886902;,
   51.147499;6.862920;41.021400;,
   55.597996;6.884680;37.387699;,
   54.017300;7.101230;32.506302;,
   55.122299;9.148090;31.444401;,
   39.086201;7.793940;41.969601;,
   48.983898;7.958660;36.565399;,
   52.775002;7.499250;35.281502;,
   48.201000;9.279810;34.229004;,
   47.289299;13.150400;34.137901;,
   48.983898;7.958660;36.565399;,
   47.263000;13.259100;36.426800;,
   48.983898;7.958660;36.565399;,
   19.430403;23.881901;57.854305;,
   14.920101;28.021900;61.548901;,
   21.114799;13.752000;60.683998;,
   7.206390;33.813202;40.211800;,
   -7.351100;33.738098;40.141602;,
   5.620490;43.378399;40.302299;,
   -6.642930;43.464001;40.384602;,
   -14.562200;42.773499;50.557499;,
   13.907899;42.896500;50.255901;,
   14.927600;42.058998;49.717098;,
   7.206390;33.813202;40.211800;,
   15.071901;34.478001;49.837601;,
   -15.330699;42.062000;49.922298;,
   -9.703990;40.158600;67.050499;,
   -9.150370;41.360901;66.284302;,
   8.421590;41.164001;65.791298;,
   9.375930;39.445702;67.214798;,
   8.905100;35.821400;67.268402;,
   -7.351100;33.738098;40.141602;,
   -15.390600;34.354500;49.975201;,
   -9.851840;35.783199;66.979202;,
   8.905100;35.821400;67.268402;,
   -9.851840;35.783199;66.979202;,
   8.905100;35.821400;67.268402;,
   -9.851840;35.783199;66.979202;,
   -15.390600;34.354500;49.975201;,
   15.071901;34.478001;49.837601;,
   -7.351100;33.738098;40.141602;,
   7.206390;33.813202;40.211800;,
   -9.951020;35.467201;66.207901;,
   -11.768601;35.922501;66.348297;,
   -10.491100;31.901600;66.785896;,
   -15.254800;34.411499;52.135502;,
   -10.491100;31.901600;66.785896;,
   -14.096899;30.313999;52.049900;,
   15.254800;34.411499;52.135502;,
   14.096899;30.313999;52.049900;,
   9.858580;31.901600;66.785896;,
   9.318510;35.467201;66.207901;,
   11.136100;35.922501;66.348297;,
   22.158300;22.747299;71.709000;,
   26.584299;22.335300;56.233101;,
   21.336800;22.971100;54.836800;,
   14.096899;30.313999;52.049900;,
   9.858580;31.901600;66.785896;,
   18.122200;22.962099;71.041496;,
   26.925699;9.335650;56.409798;,
   23.311800;10.287200;71.917000;,
   21.336800;22.971100;54.836800;,
   18.122200;22.962099;71.041496;,
   9.858580;31.901600;66.785896;,
   14.096899;30.313999;52.049900;,
   18.458401;51.453800;6.257660;,
   8.060200;53.672401;8.084160;,
   14.684499;45.326401;13.653301;,
   3.205540;44.758900;15.869600;,
   9.856540;37.159500;24.818701;,
   -0.422160;38.543301;25.674101;,
   8.532370;34.801998;33.150700;,
   -0.440520;35.864201;33.562000;,
   7.500560;33.821701;43.844898;,
   -5.812200;49.631100;11.654899;,
   -6.367140;43.737202;15.334200;,
   -10.859000;36.594501;26.197201;,
   -6.524720;56.583302;6.949450;,
   -9.490510;34.430302;33.751099;,
   -7.829690;33.643200;43.667099;,
   -0.433370;34.554901;43.812000;,
   -13.957301;40.914902;16.138500;,
   -8.306510;49.016602;10.861400;,
   -20.231899;48.831200;5.895440;,
   -10.964600;56.019096;7.216630;,
   4.059540;-40.848499;9.675650;,
   6.985920;-54.170700;4.505210;,
   23.714800;-46.840500;5.021360;,
   17.852900;-35.718601;9.073439;,
   2.913500;-25.455400;18.133900;,
   13.126099;-23.909800;16.883400;,
   10.831101;-10.892100;27.906500;,
   -0.594390;-11.874500;29.072100;,
   -4.621350;-24.060699;18.406700;,
   -8.545520;-38.023899;9.307970;,
   2.280360;-40.439999;9.185640;,
   -13.936800;-49.905602;3.719590;,
   1.758630;-58.547199;2.777740;,
   8.536080;-1.873390;39.333599;,
   -0.334860;-2.990030;40.277901;,
   -11.509400;-9.264900;29.122898;,
   -14.029600;-20.860100;18.530197;,
   -19.282400;-34.055698;9.659450;,
   -25.927500;-42.955700;5.221280;,
   8.696350;0.379510;48.902500;,
   0.028420;-0.759040;50.178902;,
   -8.873690;0.010420;48.658901;,
   -8.989220;-1.668810;40.119404;,
   -9.914260;-1.097540;69.563103;,
   -15.894901;-1.001880;48.812599;,
   -9.959150;-4.928570;69.724503;,
   -15.878400;-9.691490;49.603298;,
   -9.045380;-6.611850;68.830803;,
   9.837970;-5.168590;69.625603;,
   9.720841;-0.922120;69.471603;,
   -9.914260;-1.097540;69.563103;,
   -12.800400;-4.260210;37.891701;,
   -12.211500;-11.849500;39.527802;,
   -14.759200;-10.693800;50.136002;,
   9.144720;-6.709600;68.499397;,
   15.562600;-9.495381;49.668999;,
   15.546600;-0.810810;48.811600;,
   9.720841;-0.922120;69.471603;,
   14.648400;-10.832100;49.810001;,
   12.155501;-11.807901;39.364601;,
   12.627100;-4.026230;38.020000;,
   12.627100;-4.026230;38.020000;,
   -12.800400;-4.260210;37.891701;,
   -9.914260;-1.097540;69.563103;,
   9.720841;-0.922120;69.471603;,
   15.546600;-0.810810;48.811600;,
   -15.894901;-1.001880;48.812599;,
   -12.800400;-4.260210;37.891701;,
   12.627100;-4.026230;38.020000;,
   19.430403;23.881901;57.854305;,
   21.114799;13.752000;60.683998;,
   23.653400;20.823000;54.894798;,
   24.173800;13.299200;56.821602;,
   22.243603;6.687780;55.053394;,
   26.559000;12.392600;55.956100;,
   26.175100;5.629830;53.627701;,
   21.410200;3.407590;48.712601;,
   18.006001;2.167930;50.320599;,
   19.384501;5.224300;57.767700;,
   -17.004997;-2.774960;50.790001;,
   -15.219699;1.582170;51.233398;,
   -14.580499;-2.515480;50.150902;,
   -12.926300;-2.750960;69.387398;,
   -9.914300;-2.690470;69.200104;,
   -15.219699;1.582170;51.233398;,
   -10.940900;1.969960;69.414703;,
   22.141100;9.315430;54.812500;,
   21.336800;22.971100;54.836800;,
   26.584299;22.335300;56.233101;,
   26.925699;9.335650;56.409798;,
   17.004997;-2.774960;50.790001;,
   15.219699;1.582170;51.233398;,
   14.580400;-2.515480;50.150902;,
   12.926300;-2.750960;69.387398;,
   9.914300;-2.690470;69.200104;,
   15.219699;1.582170;51.233398;,
   23.311800;10.287200;71.917000;,
   10.940800;1.969960;69.414703;,
   18.109600;11.325600;71.135201;,
   22.158300;22.747299;71.709000;,
   18.122200;22.962099;71.041496;,
   10.940800;1.969960;69.414703;,
   22.141100;9.315430;54.812500;,
   15.219699;1.582170;51.233398;,
   10.940800;1.969960;69.414703;,
   18.109600;11.325600;71.135201;,
   21.336800;22.971100;54.836800;,
   18.122200;22.962099;71.041496;,
   12.476900;0.582150;41.075901;,
   6.077220;-1.931510;41.148399;,
   12.800800;-0.805840;31.127703;,
   11.743400;42.049900;14.328800;,
   7.742240;34.437801;29.201599;,
   21.326000;32.434399;16.152901;,
   32.009399;24.933100;13.459400;,
   26.714399;16.814899;19.753597;,
   38.420799;22.740299;11.241800;,
   39.741199;14.809800;8.694500;,
   -18.690298;46.163799;6.498950;,
   -24.758600;37.489101;6.733720;,
   -13.920000;41.340500;15.322899;,
   -20.283899;32.459801;16.690901;,
   -8.265300;34.321499;29.455999;,
   -32.928501;27.298700;12.687500;,
   -29.539803;25.457399;14.955699;,
   -24.430599;25.714001;20.013599;,
   -26.714399;16.814899;20.010300;,
   -38.067299;27.519398;9.020120;,
   -34.095901;23.367500;11.901600;,
   -39.204899;18.500797;8.524480;,
   -24.982403;1.148680;19.597700;,
   -41.767101;0.103380;8.001830;,
   -38.804100;-7.124600;7.535500;,
   -33.907398;-17.309500;7.522920;,
   -18.809900;-14.505701;18.442600;,
   -31.259102;-29.111200;6.267100;,
   -20.728701;-31.766598;8.939999;,
   -11.551500;-22.377501;16.186899;,
   -30.115501;-40.926998;4.576270;,
   -0.165490;32.888802;63.734100;,
   7.642910;33.541599;63.843803;,
   8.686160;30.807501;63.584904;,
   11.859000;26.665300;81.216599;,
   11.991600;26.735001;68.527603;,
   11.678300;33.893002;69.580498;,
   8.686160;30.807501;63.584904;,
   -0.000000;33.853500;48.674400;,
   -6.786750;33.074200;48.577702;,
   -0.165490;32.888802;63.734100;,
   6.786750;33.074200;48.577702;,
   8.686160;30.807501;63.584904;,
   13.461200;29.512098;48.397400;,
   14.920101;28.021900;61.548901;,
   11.991600;26.735001;68.527603;,
   13.628899;14.929101;70.164497;,
   13.149600;7.879440;66.846199;,
   21.114799;13.752000;60.683998;,
   -5.035850;2.298900;70.245399;,
   -8.760760;4.882550;70.112396;,
   -5.399630;-0.059610;66.825401;,
   0.003780;0.739420;69.289299;,
   0.003780;-0.964860;66.837700;,
   5.399630;-0.059610;66.825401;,
   4.981750;2.487540;70.251701;,
   8.729700;4.946060;70.112503;,
   13.149600;7.879440;66.846199;,
   13.628899;14.929101;70.164497;,
   13.126001;1.225600;60.584602;,
   19.384501;5.224300;57.767700;,
   21.114799;13.752000;60.683998;,
   5.461680;-1.986650;61.710400;,
   13.628899;14.929101;70.164497;,
   11.991600;26.735001;68.527603;,
   15.659800;18.322100;76.735703;,
   11.859000;26.665300;81.216599;,
   7.742240;34.437801;29.201599;,
   16.617100;26.304600;29.923500;,
   21.326000;32.434399;16.152901;,
   6.077220;-1.931510;41.148399;,
   5.573790;-3.413990;51.792301;,
   0.000000;-3.479020;51.596699;,
   0.000000;-2.423440;39.913502;,
   -6.077220;-1.931510;41.148399;,
   -5.573800;-3.413990;51.792301;,
   0.000000;-2.277020;61.583595;,
   -5.461680;-1.986650;61.710400;,
   0.003780;-0.964860;66.837700;,
   -5.399630;-0.059610;66.825401;,
   5.461680;-1.986650;61.710400;,
   5.399630;-0.059610;66.825401;,
   15.721000;26.825001;39.187302;,
   7.284900;33.528301;38.878201;,
   13.461200;29.512098;48.397400;,
   6.786750;33.074200;48.577702;,
   -0.000000;33.345001;38.641701;,
   -0.000000;33.853500;48.674400;,
   -6.786750;33.074200;48.577702;,
   -7.260870;33.528301;38.878201;,
   -13.461200;29.512098;48.397400;,
   -15.721000;26.825001;39.187302;,
   -8.265300;34.321499;29.455999;,
   -17.666700;6.675960;31.441797;,
   -17.037500;7.314380;41.402699;,
   -18.265100;16.807699;40.690300;,
   -12.476900;0.582150;41.075901;,
   -12.823200;-1.376520;31.177999;,
   -6.077220;-1.931510;41.148399;,
   -16.609501;26.317499;29.936300;,
   -15.721000;26.825001;39.187302;,
   -8.265300;34.321499;29.455999;,
   -5.573800;-3.413990;51.792301;,
   -12.227700;-1.542890;51.491798;,
   -6.077220;-1.931510;41.148399;,
   -12.476900;0.582150;41.075901;,
   -20.283899;32.459801;16.690901;,
   -16.609501;26.317499;29.936300;,
   -8.265300;34.321499;29.455999;,
   -24.430599;25.714001;20.013599;,
   -19.354500;16.208500;30.628700;,
   -24.430599;25.714001;20.013599;,
   -26.714399;16.814899;20.010300;,
   -19.354500;16.208500;30.628700;,
   -17.666700;6.675960;31.441797;,
   15.721000;26.825001;39.187302;,
   18.265100;16.807699;40.690300;,
   19.359400;16.200399;30.524799;,
   17.651800;7.695380;31.775299;,
   17.037500;7.314380;41.402699;,
   12.476900;0.582150;41.075901;,
   12.800800;-0.805840;31.127703;,
   16.617100;26.304600;29.923500;,
   24.430700;25.714001;19.985300;,
   21.326000;32.434399;16.152901;,
   19.359400;16.200399;30.524799;,
   26.714399;16.814899;19.753597;,
   24.982403;5.589200;20.347401;,
   0.000000;-2.423440;39.913502;,
   -6.077220;-1.931510;41.148399;,
   -7.224740;-5.891220;30.639200;,
   -12.823200;-1.376520;31.177999;,
   -18.809900;-14.505701;18.442600;,
   -11.551500;-22.377501;16.186899;,
   -24.982403;1.148680;19.597700;,
   -17.666700;6.675960;31.441797;,
   -26.714399;16.814899;20.010300;,
   -16.609501;26.317499;29.936300;,
   -19.354500;16.208500;30.628700;,
   -15.721000;26.825001;39.187302;,
   -18.265100;16.807699;40.690300;,
   -17.666700;6.675960;31.441797;,
   16.617100;26.304600;29.923500;,
   7.742240;34.437801;29.201599;,
   7.284900;33.528301;38.878201;,
   15.721000;26.825001;39.187302;,
   19.359400;16.200399;30.524799;,
   19.430403;23.881901;57.854305;,
   23.653400;20.823000;54.894798;,
   18.067200;25.183500;48.469799;,
   13.461200;29.512098;48.397400;,
   14.920101;28.021900;61.548901;,
   19.430403;23.881901;57.854305;,
   18.067200;25.183500;48.469799;,
   19.384501;5.224300;57.767700;,
   13.126001;1.225600;60.584602;,
   18.006001;2.167930;50.320599;,
   12.227700;-1.542890;51.491798;,
   5.461680;-1.986650;61.710400;,
   -12.227700;-1.542890;51.491798;,
   -18.006001;2.167930;50.320599;,
   -12.476900;0.582150;41.075901;,
   -13.126001;1.225600;60.584602;,
   -19.384600;5.224300;57.767700;,
   -18.006001;2.167930;50.320599;,
   -5.461680;-1.986650;61.710400;,
   -5.399630;-0.059610;66.825401;,
   -19.430403;23.881901;57.854305;,
   -18.067200;25.183500;48.469799;,
   -23.653400;20.823000;54.894798;,
   -13.461200;29.512098;48.397400;,
   -18.067200;25.183500;48.469799;,
   -19.430403;23.881901;57.854305;,
   -14.920101;28.021900;61.548901;,
   -18.006001;2.167930;50.320599;,
   -17.037500;7.314380;41.402699;,
   -12.476900;0.582150;41.075901;,
   -18.006001;2.167930;50.320599;,
   -21.410200;3.407590;48.712601;,
   -17.037500;7.314380;41.402699;,
   -20.572701;8.591270;42.589600;,
   -25.280001;2.720630;46.620998;,
   -23.764400;8.444260;39.250801;,
   -28.174801;3.152540;43.816601;,
   -26.719803;8.150380;36.906502;,
   -30.760899;2.255210;41.875900;,
   -28.782900;7.306980;34.299599;,
   -26.175100;5.629830;53.627701;,
   -29.825600;4.483610;51.128399;,
   -33.448898;3.285180;50.998798;,
   -39.843300;2.876820;48.072899;,
   -41.099300;11.134499;52.620201;,
   -46.524899;11.441600;50.712502;,
   -30.441698;11.728300;53.638302;,
   -34.263401;11.117000;53.723499;,
   -32.842499;18.091600;50.349400;,
   -39.796799;20.043501;50.005100;,
   -44.589001;20.826401;48.804298;,
   -26.559000;12.392600;55.956100;,
   -26.679003;18.618299;53.259796;,
   -29.796801;17.824200;51.157902;,
   -24.173800;13.299200;56.821602;,
   -23.653400;20.823000;54.894798;,
   -22.130301;22.180901;47.542999;,
   -26.181200;20.489799;46.829899;,
   -28.830603;19.719500;44.641201;,
   -31.308100;20.316299;43.374901;,
   -37.275398;23.141100;40.411400;,
   -41.859699;24.807800;36.918098;,
   -18.067200;25.183500;48.469799;,
   -18.265100;16.807699;40.690300;,
   -21.578199;16.004101;40.586601;,
   -24.735203;15.834600;38.910999;,
   -27.077402;15.634699;36.914700;,
   -28.830301;16.079599;34.586899;,
   -34.373501;16.065800;29.204998;,
   -38.607899;16.370899;24.731199;,
   -20.572701;8.591270;42.589600;,
   -23.764400;8.444260;39.250801;,
   -26.719803;8.150380;36.906502;,
   -28.782900;7.306980;34.299599;,
   -33.323002;7.014170;30.175200;,
   -17.037500;7.314380;41.402699;,
   -39.735500;7.404830;25.480200;,
   -15.721000;26.825001;39.187302;,
   -18.265100;16.807699;40.690300;,
   -18.067200;25.183500;48.469799;,
   -13.461200;29.512098;48.397400;,
   18.812700;46.163799;6.498950;,
   11.743400;42.049900;14.328800;,
   21.326000;32.434399;16.152901;,
   27.567299;37.144798;7.791900;,
   36.712101;29.563601;8.844510;,
   32.009399;24.933100;13.459400;,
   24.430700;25.714001;19.985300;,
   26.714399;16.814899;19.753597;,
   39.741199;14.809800;8.694500;,
   24.982403;5.589200;20.347401;,
   44.335201;4.900610;7.685540;,
   40.123402;-2.815240;8.284130;,
   34.861004;-16.861500;8.075840;,
   18.809900;-12.073600;18.802500;,
   31.335100;-32.705101;6.530750;,
   19.293600;-35.114399;8.794590;,
   29.220198;-48.349300;4.649180;,
   12.800800;-0.805840;31.127703;,
   7.179400;-5.612490;30.675600;,
   11.066800;-21.782000;15.988400;,
   6.077220;-1.931510;41.148399;,
   0.000000;-2.423440;39.913502;,
   19.359400;16.200399;30.524799;,
   17.651800;7.695380;31.775299;,
   24.982403;5.589200;20.347401;,
   12.800800;-0.805840;31.127703;,
   -0.000000;33.345001;38.641701;,
   7.284900;33.528301;38.878201;,
   7.742240;34.437801;29.201599;,
   -14.920101;28.021900;61.548901;,
   -19.430403;23.881901;57.854305;,
   -21.114901;13.752000;60.683998;,
   7.895900;27.250301;87.341698;,
   11.859000;26.665300;81.216599;,
   8.613750;31.398399;85.892303;,
   11.694700;32.321301;81.455597;,
   1.434650;35.344501;81.764099;,
   4.483720;33.317600;87.115799;,
   7.895900;27.250301;87.341698;,
   -0.000000;27.105200;88.891602;,
   11.678300;33.893002;69.580498;,
   10.009900;34.002800;75.409401;,
   6.628850;36.022598;73.972801;,
   -1.312090;36.973301;75.892700;,
   -5.718370;34.613998;81.555397;,
   -2.805830;33.001499;88.495796;,
   -7.895900;26.437403;87.341698;,
   10.131500;34.541901;71.908501;,
   9.191630;33.073700;74.339798;,
   6.593210;34.460400;73.300499;,
   4.341470;35.499901;71.042503;,
   3.102260;37.144596;71.692802;,
   7.293640;36.211700;70.671501;,
   7.248410;34.269100;71.028702;,
   9.487410;33.006199;71.908096;,
   3.762350;37.283401;70.042198;,
   -2.922850;37.052601;70.786598;,
   7.642910;33.541599;63.843803;,
   1.503210;36.801701;64.186699;,
   -4.740650;37.022900;70.356903;,
   -4.248670;35.775299;71.049797;,
   -6.022670;36.636600;74.716202;,
   -0.165490;32.888802;63.734100;,
   -9.540450;34.144299;64.121803;,
   -7.816010;36.379002;71.013702;,
   -7.678170;34.077702;71.583298;,
   -6.636570;34.064201;74.004997;,
   -9.650380;30.193102;63.459003;,
   -9.737490;31.322598;88.249702;,
   -12.974100;31.700598;82.292198;,
   -7.895900;26.437403;87.341698;,
   -12.950800;26.118603;81.448601;,
   -12.388699;26.580700;69.044701;,
   -12.752300;34.059799;68.767998;,
   -9.650380;30.193102;63.459003;,
   -10.522101;33.795700;76.370102;,
   -11.025100;34.684898;72.319504;,
   -9.287980;32.907398;75.310097;,
   -10.318000;33.230701;72.198196;,
   -10.491100;31.901600;66.785896;,
   -11.768601;35.922501;66.348297;,
   -18.122200;22.962099;71.041496;,
   -22.158300;22.747299;71.709000;,
   -18.232000;11.034600;71.528801;,
   -23.311800;10.287200;71.917000;,
   -26.925699;9.335650;56.409798;,
   -26.584299;22.335300;56.233101;,
   -15.254800;34.411499;52.135502;,
   -21.336800;22.971100;54.836800;,
   -14.096899;30.313999;52.049900;,
   -21.336800;22.971100;54.836800;,
   -18.122200;22.962099;71.041496;,
   -18.232000;11.034600;71.528801;,
   -10.491100;31.901600;66.785896;,
   -14.096899;30.313999;52.049900;,
   6.077220;-1.931510;41.148399;,
   12.476900;0.582150;41.075901;,
   12.227700;-1.542890;51.491798;,
   5.573790;-3.413990;51.792301;,
   5.461680;-1.986650;61.710400;,
   5.573790;-3.413990;51.792301;,
   12.227700;-1.542890;51.491798;,
   12.476900;0.582150;41.075901;,
   17.037500;7.314380;41.402699;,
   18.006001;2.167930;50.320599;,
   28.782900;7.306980;34.299599;,
   30.760899;2.255210;41.875900;,
   26.719803;8.150380;36.906502;,
   28.174801;3.152540;43.816601;,
   23.764400;8.444260;39.250801;,
   25.280001;2.720630;46.620998;,
   20.572701;8.591270;42.589600;,
   21.410200;3.407590;48.712601;,
   17.037500;7.314380;41.402699;,
   33.448898;3.285180;50.998798;,
   29.825600;4.483610;51.128399;,
   26.175100;5.629830;53.627701;,
   39.843300;2.876820;48.072899;,
   41.099300;11.134499;52.620201;,
   34.263401;11.117000;53.723499;,
   30.441698;11.728300;53.638302;,
   26.559000;12.392600;55.956100;,
   26.679003;18.618299;53.259796;,
   24.173800;13.299200;56.821602;,
   23.653400;20.823000;54.894798;,
   32.842499;18.091600;50.349400;,
   29.796801;17.824200;51.157902;,
   26.181200;20.489799;46.829899;,
   22.130301;22.180901;47.542999;,
   18.067200;25.183500;48.469799;,
   18.265100;16.807699;40.690300;,
   28.830603;19.719500;44.641201;,
   24.735203;15.834600;38.910999;,
   21.578199;16.004101;40.586601;,
   20.572701;8.591270;42.589600;,
   17.037500;7.314380;41.402699;,
   31.308100;20.316299;43.374901;,
   27.077402;15.634699;36.914700;,
   26.719803;8.150380;36.906502;,
   23.764400;8.444260;39.250801;,
   39.796799;20.043501;50.005100;,
   37.275398;23.141100;40.411400;,
   28.830301;16.079599;34.586899;,
   28.782900;7.306980;34.299599;,
   18.006001;2.167930;50.320599;,
   15.721000;26.825001;39.187302;,
   13.461200;29.512098;48.397400;,
   18.067200;25.183500;48.469799;,
   18.265100;16.807699;40.690300;,
   -15.659800;18.322100;76.735703;,
   -12.388699;26.580700;69.044701;,
   -13.628899;14.929101;70.164497;,
   -14.263099;10.403700;75.733200;,
   -14.654800;17.253597;88.354301;,
   -12.950800;26.118603;81.448601;,
   -12.388699;26.580700;69.044701;,
   -8.760760;4.882550;70.112396;,
   -7.341400;1.495720;73.771004;,
   -9.955490;-0.928140;76.095398;,
