xof 0303txt 0032
template VertexDuplicationIndices {
 <b8d65549-d7c9-4995-89cf-53a9a8b031e3>
 DWORD nIndices;
 DWORD nOriginalVertices;
 array DWORD indices[nIndices];
}

template EffectParamDWord {
 <e13963bc-ae51-4c5d-b00f-cfa3a9d97ce5>
 STRING ParamName;
 DWORD Value;
}

template FVFData {
 <b6e70a0e-8ef9-4e83-94ad-ecc8b0c04897>
 DWORD dwFVF;
 DWORD nDWords;
 array DWORD data[nDWords];
}

template EffectFloats {
 <f1cfe2b3-0de3-4e28-afa1-155a750a282d>
 DWORD nFloats;
 array FLOAT Floats[nFloats];
}

template EffectString {
 <d55b097e-bdb6-4c52-b03d-6051c89d0e42>
 STRING Value;
}

template EffectDWord {
 <622c0ed0-956e-4da9-908a-2af94f3ce716>
 DWORD Value;
}

template EffectInstance {
 <e331f7e4-0559-4cc2-8e99-1cec1657928f>
 STRING EffectFilename;
 [...]
}

template AnimTicksPerSecond {
 <9e415a43-7ba6-4a73-8743-b73d47e88476>
 DWORD AnimTicksPerSecond;
}

template VertexElement {
 <f752461c-1e23-48f6-b9f8-8350850f336f>
 DWORD Type;
 DWORD Method;
 DWORD Usage;
 DWORD UsageIndex;
}

template DeclData {
 <bf22e553-292c-4781-9fea-62bd554bdd93>
 DWORD nElements;
 array VertexElement Elements[nElements];
 DWORD nDWords;
 array DWORD data[nDWords];
}

template EffectParamFloats {
 <3014b9a0-62f5-478c-9b86-e4ac9f4e418b>
 STRING ParamName;
 DWORD nFloats;
 array FLOAT Floats[nFloats];
}

template EffectParamString {
 <1dbc4c88-94c1-46ee-9076-2c28818c9481>
 STRING ParamName;
 STRING Value;
}


AnimTicksPerSecond {
 4800;
}

Frame {
 

 FrameTransformMatrix {
  1.000000,0.000000,0.000000,0.000000,0.000000,1.000000,0.000000,0.000000,0.000000,0.000000,1.000000,0.000000,0.000000,0.000000,0.000000,1.000000;;
 }

 Frame Armature {
  

  FrameTransformMatrix {
   39.370079,0.000000,-0.000000,0.000000,-0.000000,0.000002,-39.370075,0.000000,0.000000,39.370075,0.000002,0.000000,0.000000,0.000000,0.000000,1.000000;;
  }

  Frame Root {
   

   FrameTransformMatrix {
    0.775662,-0.630565,0.027135,0.000000,0.630912,0.775832,-0.005968,0.000000,-0.017289,0.021749,0.999614,0.000000,2.626873,-13.722258,98.737221,1.000000;;
   }

   Frame Front_Shield {
    

    FrameTransformMatrix {
     1.000000,0.000086,0.000000,0.000000,-0.000086,1.000000,0.000000,0.000000,0.000000,0.000000,1.000000,0.000000,-0.000003,40.401199,-8.412028,1.000000;;
    }
   }

   Frame L_Side {
    

    FrameTransformMatrix {
     0.999834,-0.018177,-0.001088,0.000000,0.018176,0.999835,-0.000325,0.000000,0.001094,0.000305,0.999999,0.000000,-36.890095,-6.072569,4.680995,1.000000;;
    }

    Frame L_Beam {
     

     FrameTransformMatrix {
      0.745163,0.619052,-0.248006,0.000000,-0.634554,0.772570,0.021831,0.000000,0.205117,0.141106,0.968512,0.000000,-0.000003,-0.000008,0.000013,1.000000;;
     }

     Frame L_RoboGear {
      

      FrameTransformMatrix {
       0.999980,-0.002754,0.005710,0.000000,-0.003924,0.438598,0.898675,0.000000,-0.004979,-0.898679,0.438579,0.000000,-31.866989,-10.811504,1.188009,1.000000;;
      }
     }
    }

    Frame L_RoboArm {
     

     FrameTransformMatrix {
      0.979438,0.195737,-0.048868,0.000000,-0.190543,0.977098,0.094727,0.000000,0.066290,-0.083468,0.994303,0.000000,-32.407375,-24.542215,10.477458,1.000000;;
     }

     Frame L_RoboFirst {
      

      FrameTransformMatrix {
       1.000000,0.000086,0.000000,0.000000,-0.000086,1.000000,0.000000,0.000000,0.000000,0.000000,1.000000,0.000000,-9.218604,58.655899,-4.068902,1.000000;;
      }
     }
    }
   }

   Frame R_Side {
    

    FrameTransformMatrix {
     0.997637,-0.068459,0.005860,0.000000,-0.068427,-0.997641,-0.005485,0.000000,0.006222,0.005071,-0.999968,0.000000,36.637180,-5.860948,4.577236,1.000000;;
    }

    Frame R_RoboArm {
     

     FrameTransformMatrix {
      0.950972,-0.079790,-0.298807,0.000000,0.096994,0.994348,0.043170,0.000000,0.293673,-0.070036,0.953337,0.000000,44.932457,-16.120174,-20.393373,1.000000;;
     }
    }
   }

   Frame Root_Minion {
    

    FrameTransformMatrix {
     -1.000000,0.000086,0.000000,0.000000,-0.000086,-1.000000,-0.000000,0.000000,-0.000000,0.000000,1.000000,0.000000,-0.000000,-0.560390,8.157995,1.000000;;
    }

    Frame Ball {
     

     FrameTransformMatrix {
      -1.000000,0.000086,0.000000,0.000000,-0.000086,-1.000000,-0.000000,0.000000,-0.000000,0.000000,1.000000,0.000000,-0.000005,-26.407295,18.254997,1.000000;;
     }
    }

    Frame Spine1 {
     

     FrameTransformMatrix {
      1.000000,0.000086,0.000000,0.000000,-0.000086,1.000000,0.000000,0.000000,0.000000,0.000000,1.000000,0.000000,0.000000,-0.389019,12.098490,1.000000;;
     }

     Frame R_Clavicle {
      

      FrameTransformMatrix {
       0.280291,0.959915,-0.000227,0.000000,0.959915,-0.280290,0.000090,0.000000,0.000022,-0.000243,-1.000000,0.000000,-3.965464,-3.099973,7.790303,1.000000;;
      }

      Frame R_Shoulder {
       

       FrameTransformMatrix {
        -0.836393,0.230852,0.497146,0.000000,0.430366,-0.285122,0.856440,0.000000,0.339459,0.930275,0.139123,0.000000,2.525381,-6.758967,0.981021,1.000000;;
       }

       Frame R_Elbow {
        

        FrameTransformMatrix {
         0.705711,-0.706899,-0.047600,0.000000,0.698689,0.705508,-0.118706,0.000000,0.117495,0.050515,0.991788,0.000000,12.000015,-0.000010,-0.000251,1.000000;;
        }

        Frame R_Hand {
         

         FrameTransformMatrix {
          0.949733,-0.016981,-0.312599,0.000000,0.024890,0.999463,0.021330,0.000000,0.312069,-0.028038,0.949646,0.000000,12.499365,-0.000465,-0.000271,1.000000;;
         }
        }
       }
      }
     }

     Frame Cape1 {
      

      FrameTransformMatrix {
       0.030906,-0.920059,-0.390558,0.000000,0.998305,0.047691,-0.033350,0.000000,0.049310,-0.388866,0.919974,0.000000,0.000001,9.406350,12.368403,1.000000;;
      }

      Frame Cape2 {
       

       FrameTransformMatrix {
        0.910316,-0.248031,0.331369,0.000000,0.128357,0.930268,0.343695,0.000000,-0.393509,-0.270337,0.878674,0.000000,-23.743563,2.244895,-0.176912,1.000000;;
       }

       Frame Cape3 {
        

        FrameTransformMatrix {
         0.833874,-0.294141,-0.467050,0.000000,0.315063,0.948433,-0.034793,0.000000,0.453199,-0.118138,0.883546,0.000000,-20.139425,4.387591,-1.680987,1.000000;;
        }

        Frame L_Cape4 {
         

         FrameTransformMatrix {
          -0.921100,0.389325,-0.000097,0.000000,0.389325,0.921100,0.000034,0.000000,0.000103,-0.000007,-1.000001,0.000000,-3.793974,5.666426,1.899838,1.000000;;
         }
        }

        Frame R_Cape4 {
         

         FrameTransformMatrix {
          0.921070,0.389397,0.000000,0.000000,-0.389397,0.921070,0.000000,0.000000,0.000000,0.000000,1.000001,0.000000,-0.689505,-15.252296,-0.246943,1.000000;;
         }
        }
       }
      }
     }

     Frame C_Buffbone_Glb_Chest_Loc {
      

      FrameTransformMatrix {
       1.000000,0.000086,0.000000,0.000000,-0.000086,1.000000,0.000000,0.000000,0.000000,0.000000,1.000000,0.000000,-0.009999,-0.000001,-0.000010,1.000000;;
      }
     }

     Frame L_Clavicle {
      

      FrameTransformMatrix {
       1.000000,0.000086,0.000000,0.000000,-0.000086,1.000000,0.000000,0.000000,0.000000,0.000000,1.000000,0.000000,3.965631,-3.099890,7.790502,1.000000;;
      }

      Frame L_Shoulder {
       

       FrameTransformMatrix {
        -0.017001,0.860509,0.509151,0.000000,-0.153145,-0.505456,0.849153,0.000000,0.988057,-0.063537,0.140376,0.000000,5.780582,4.318097,-0.982025,1.000000;;
       }

       Frame L_Elbow {
        

        FrameTransformMatrix {
         0.695810,-0.716651,-0.047538,0.000000,0.708216,0.695619,-0.120596,0.000000,0.119494,0.050244,0.991563,0.000000,-11.999997,0.000000,-0.000051,1.000000;;
        }

        Frame L_Hand {
         

         FrameTransformMatrix {
          0.962137,0.105660,-0.251253,0.000000,-0.067789,0.985603,0.154890,0.000000,0.264001,-0.131993,0.955448,0.000000,-12.499998,-0.000008,-0.000010,1.000000;;
         }
        }
       }
      }
     }

     Frame Head {
      

      FrameTransformMatrix {
       0.953235,0.301429,0.022003,0.000000,-0.302025,0.952747,0.032471,0.000000,-0.011175,-0.037598,0.999230,0.000000,0.000772,-1.555759,15.219758,1.000000;;
      }

      Frame C_Buffbone_Glb_Head_Loc {
       

       FrameTransformMatrix {
        1.000000,0.000086,0.000000,0.000000,-0.000086,1.000000,0.000000,0.000000,0.000000,0.000000,1.000000,0.000000,-0.010000,0.000000,-0.000005,1.000000;;
       }
      }

      Frame Hood1 {
       

       FrameTransformMatrix {
        0.000000,-0.991668,-0.128821,0.000000,1.000000,0.000000,0.000000,0.000000,0.000000,-0.128821,0.991668,0.000000,0.000000,2.919500,13.148402,1.000000;;
       }

       Frame Hood2 {
        

        FrameTransformMatrix {
         0.993529,0.000090,0.113582,0.000000,-0.000090,1.000000,0.000001,0.000000,-0.113582,-0.000011,0.993529,0.000000,-14.500000,0.000002,-0.000031,1.000000;;
        }

        Frame Hood3 {
         

         FrameTransformMatrix {
          0.995099,0.000090,0.098885,0.000000,-0.000090,1.000000,-0.000000,0.000000,-0.098885,-0.000008,0.995099,0.000000,-14.499995,-0.000000,0.000061,1.000000;;
         }
        }
       }
      }
     }
    }
   }

   Frame Pelvis {
    

    FrameTransformMatrix {
     0.817247,0.574485,0.045529,0.000000,-0.576204,0.815914,0.047672,0.000000,-0.009761,-0.065194,0.997825,0.000000,-1.599529,3.014289,-17.928118,1.000000;;
    }

    Frame R_Hip {
     

     FrameTransformMatrix {
      -0.048942,-0.116295,-0.992008,0.000000,-0.998642,-0.012037,0.050681,0.000000,-0.017835,0.993142,-0.115548,0.000000,27.759705,-2.725941,-8.370234,1.000000;;
     }

     Frame R_Knee {
      

      FrameTransformMatrix {
       0.627040,0.000072,0.778987,0.000000,-0.000115,1.000000,0.000000,0.000000,-0.778987,-0.000090,0.627040,0.000000,33.796314,0.000003,-0.000005,1.000000;;
      }

      Frame R_Foot {
       

       FrameTransformMatrix {
        0.891245,-0.183588,0.414702,0.000000,0.130738,0.979588,0.152692,0.000000,-0.434270,-0.081868,0.897055,0.000000,45.089119,-0.000023,0.000005,1.000000;;
       }

       Frame R_Heel {
        

        FrameTransformMatrix {
         -0.219860,-0.050369,-0.974230,0.000000,0.076738,0.994679,-0.068745,0.000000,0.972508,-0.089875,-0.214824,0.000000,-20.362003,-0.637162,1.940025,1.000000;;
        }
       }

       Frame R_Toe {
        

        FrameTransformMatrix {
         1.000000,0.000086,-0.000002,0.000000,-0.000086,1.000000,0.000000,0.000000,0.000002,0.000000,1.000000,0.000000,13.587906,-0.000005,-0.000041,1.000000;;
        }
       }
      }
     }
    }

    Frame L_Hip {
     

     FrameTransformMatrix {
      -0.108157,0.889317,0.444317,0.000000,-0.941363,-0.235297,0.241807,0.000000,0.319590,-0.392111,0.862619,0.000000,-27.759703,-2.725930,-8.370204,1.000000;;
     }

     Frame L_Knee {
      

      FrameTransformMatrix {
       0.199264,0.000025,0.979946,0.000000,-0.000121,1.000000,-0.000001,0.000000,-0.979946,-0.000118,0.199264,0.000000,-37.663395,0.000001,0.000008,1.000000;;
      }

      Frame L_Foot {
       

       FrameTransformMatrix {
        0.570728,-0.087546,0.816459,0.000000,-0.133246,0.971248,0.197286,0.000000,-0.810256,-0.221387,0.542654,0.000000,-47.022797,0.000000,0.000012,1.000000;;
       }

       Frame L_Heel {
        

        FrameTransformMatrix {
         -0.037635,-0.000000,-0.999291,0.000000,-0.000003,1.000000,0.000000,0.000000,0.999290,0.000003,-0.037635,0.000000,22.304705,0.000009,-5.943248,1.000000;;
        }
       }

       Frame L_Toe {
        

        FrameTransformMatrix {
         1.000000,0.000086,0.000000,0.000000,-0.000086,1.000000,0.000000,0.000000,0.000000,0.000000,1.000000,0.000000,-13.587997,-0.000005,-0.000003,1.000000;;
        }
       }
      }
     }
    }
   }
  }
 }

 Frame Model {
  

  FrameTransformMatrix {
   39.370079,-0.000003,-0.000000,0.000000,-0.000000,-0.000011,-39.370079,0.000000,0.000003,39.370079,-0.000011,0.000000,0.000006,0.000036,-0.000028,1.000000;;
  }

  Mesh Model {
   2577;
   -0.000000;81.570503;88.355301;,
   -0.000000;73.028603;99.004097;,
   6.637530;72.342300;86.365196;,
   -0.000000;78.320801;74.771500;,
   4.479800;68.888199;61.702805;,
   -0.000000;69.692802;56.087803;,
   -0.000000;75.319397;58.785702;,
   4.058450;74.487900;64.349998;,
   10.672700;65.146599;78.180702;,
   9.840350;71.751900;79.984001;,
   19.184299;63.576000;93.234703;,
   20.197397;56.697403;93.577103;,
   -0.000000;78.320801;74.771500;,
   6.590320;72.605499;86.265900;,
   6.616050;72.566002;86.322800;,
   11.368600;65.277603;96.827003;,
   11.852500;58.975002;97.576302;,
   20.197397;56.697403;93.577103;,
   6.574000;72.606499;86.297401;,
   -0.000000;73.028603;99.004097;,
   5.863150;66.113503;102.207001;,
   6.105110;59.371899;103.206001;,
   -0.000000;65.062599;111.282997;,
   -0.000000;58.541100;112.533989;,
   -0.000000;66.922302;88.733101;,
   -0.000000;69.692802;56.087803;,
   4.479800;68.888199;61.702805;,
   10.672700;65.146599;78.180702;,
   20.197397;56.697403;93.577103;,
   11.852500;58.975002;97.576302;,
   6.105110;59.371899;103.206001;,
   -0.000000;58.541100;112.533989;,
   -6.637530;72.342300;86.365196;,
   -0.000000;73.028603;99.004097;,
   -0.000000;81.570503;88.355301;,
   -0.000000;78.320801;74.771500;,
   -0.000000;69.692802;56.087803;,
   -4.479800;68.888199;61.702805;,
   -0.000000;75.319397;58.785702;,
   -4.058450;74.487900;64.349998;,
   -0.000000;78.320801;74.771500;,
   -9.840350;71.751900;79.984001;,
   -6.590320;72.605499;86.265900;,
   -6.574000;72.606499;86.297401;,
   -0.000000;73.028603;99.004097;,
   -10.672700;65.146599;78.180702;,
   -19.184299;63.576000;93.234703;,
   -6.616050;72.566002;86.322800;,
   -11.368600;65.277603;96.827003;,
   -5.863150;66.113503;102.207001;,
   -0.000000;65.062599;111.282997;,
   -20.197397;56.697403;93.577103;,
   -11.852500;58.975002;97.576302;,
   -6.105110;59.371899;103.206001;,
   -0.000000;58.541100;112.533989;,
   -20.197397;56.697403;93.577103;,
   -4.479800;68.888199;61.702805;,
   -0.000000;69.692802;56.087803;,
   -0.000000;66.922302;88.733101;,
   -10.672700;65.146599;78.180702;,
   -20.197397;56.697403;93.577103;,
   -11.852500;58.975002;97.576302;,
   -6.105110;59.371899;103.206001;,
   -0.000000;58.541100;112.533989;,
   66.987198;17.312099;41.347599;,
   67.188499;27.092697;52.818001;,
   75.609001;17.312099;46.121399;,
   77.755402;26.508699;54.209297;,
   87.316597;17.312099;67.507103;,
   78.410004;32.248001;63.496895;,
   76.795502;43.361900;75.786903;,
   87.983597;22.954599;86.636200;,
   90.904800;17.312099;75.071404;,
   67.109596;32.520302;66.117401;,
   74.317200;36.478100;61.112602;,
   65.721497;36.505299;63.955002;,
   65.523804;44.340599;75.786903;,
   76.430801;47.285702;88.791801;,
   84.945396;34.591999;105.786003;,
   89.312103;33.346500;105.943001;,
   92.802002;20.806601;88.080101;,
   93.308502;17.312099;88.080101;,
   95.720398;17.312099;106.196999;,
   64.410301;47.926701;87.820297;,
   75.295303;50.294399;98.763802;,
   81.473602;45.139599;118.066994;,
   85.366600;44.050098;120.256996;,
   88.776703;28.767599;114.295998;,
   94.013000;31.128302;105.927002;,
   63.296799;51.512798;99.853699;,
   70.306297;58.305901;109.356003;,
   72.772797;54.530899;127.216003;,
   77.205101;47.594101;129.001999;,
   82.240097;46.442101;132.457993;,
   87.705803;24.661301;124.641998;,
   56.034306;58.772095;113.632004;,
   67.421204;62.024998;125.433998;,
   59.766399;50.402802;130.996994;,
   63.333298;41.329899;133.350006;,
   62.911697;38.147400;137.716003;,
   86.295700;24.112000;132.459000;,
   52.570999;62.625198;127.999001;,
   52.570999;62.625198;127.999001;,
   65.070198;24.112000;139.307007;,
   65.293404;22.353901;143.119003;,
   89.530899;21.917999;134.694000;,
   91.787399;22.936003;124.641998;,
   93.215500;26.660803;114.295998;,
   94.312302;17.312099;114.295998;,
   65.680801;17.312099;143.117996;,
   90.907600;17.312099;134.718994;,
   92.715698;17.312099;124.662003;,
   59.766399;50.402802;130.996994;,
   52.570999;62.625198;127.999001;,
   56.034306;58.772095;113.632004;,
   63.964199;43.811199;110.713997;,
   63.333298;41.329899;133.350006;,
   65.725098;33.322300;110.863998;,
   64.139801;30.538898;114.941002;,
   62.911697;38.147400;137.716003;,
   65.070198;24.112000;139.307007;,
   63.296799;51.512798;99.853699;,
   66.240898;33.322300;99.853699;,
   68.009399;17.312099;110.863998;,
   65.084602;23.560600;114.941002;,
   61.384300;22.318701;139.307007;,
   65.293404;22.353901;143.119003;,
   64.410301;47.926701;87.820297;,
   66.693199;33.322300;87.679497;,
   68.832199;17.312099;99.853699;,
   65.523804;44.340599;75.786903;,
   67.168999;33.322300;75.546303;,
   69.195900;17.312099;87.525101;,
   65.721497;36.505299;63.955002;,
   67.109596;32.520302;66.117401;,
   69.559502;17.312099;75.196602;,
   67.188499;27.092697;52.818001;,
   66.987198;17.312099;41.347599;,
   65.680801;17.312099;114.941002;,
   61.746899;17.516701;139.307007;,
   65.680801;17.312099;143.117996;,
   67.109596;32.520302;66.117401;,
   65.721497;36.505299;63.955002;,
   74.317200;36.478100;61.112602;,
   78.410004;32.248001;63.496895;,
   94.799004;25.362700;106.196999;,
   93.597504;17.312099;118.536995;,
   103.054001;17.312099;106.196999;,
   93.540298;17.312099;92.138397;,
   88.178703;17.312099;135.337997;,
   86.997902;20.361000;135.391006;,
   86.240402;17.312099;137.791000;,
   85.393204;19.253403;137.843994;,
   63.441704;17.312099;147.218002;,
   63.441704;19.587601;147.218002;,
   62.732101;17.312099;137.533997;,
   62.487801;19.587601;137.117004;,
   65.811096;20.695200;142.304001;,
   65.811096;20.695200;142.304001;,
   67.109596;2.103980;66.117401;,
   67.188499;7.531610;52.818001;,
   78.410004;2.376340;63.496895;,
   77.755402;8.115570;54.209297;,
   87.316597;17.312099;67.507103;,
   76.795502;-8.737570;75.786903;,
   74.317200;-1.853820;61.112602;,
   65.721497;-1.881020;63.955002;,
   65.523804;-9.716280;75.786903;,
   75.609001;17.312099;46.121399;,
   66.987198;17.312099;41.347599;,
   52.570999;-28.000898;127.999001;,
   67.421204;-27.400702;125.433998;,
   59.766399;-15.778499;130.996994;,
   72.772797;-19.906603;127.216003;,
   63.333298;-6.705560;133.350006;,
   77.205101;-12.969800;129.001999;,
   62.911697;-3.523140;137.716003;,
   70.306297;-23.681601;109.356003;,
   75.295303;-15.670101;98.763802;,
   81.473602;-10.515300;118.066994;,
   85.366600;-9.425770;120.256996;,
   82.240097;-11.817799;132.457993;,
   56.034306;-24.147800;113.632004;,
   63.296799;-16.888500;99.853699;,
   64.410301;-13.302400;87.820297;,
   76.430801;-12.661400;88.791801;,
   84.945396;0.032280;105.786003;,
   52.570999;-28.000898;127.999001;,
   87.983597;11.669700;86.636200;,
   89.312103;1.277850;105.943001;,
   88.776703;5.856680;114.295998;,
   87.705803;9.963010;124.641998;,
   86.295700;10.512299;132.459000;,
   65.070198;10.512299;139.307007;,
   90.904800;17.312099;75.071404;,
   92.802002;13.817701;88.080101;,
   94.013000;3.495980;105.927002;,
   93.215500;7.963510;114.295998;,
   91.787399;11.688300;124.641998;,
   93.308502;17.312099;88.080101;,
   95.720398;17.312099;106.196999;,
   94.312302;17.312099;114.295998;,
   92.715698;17.312099;124.662003;,
   89.530899;12.706300;134.694000;,
   65.293404;12.270400;143.119003;,
   90.907600;17.312099;134.718994;,
   65.680801;17.312099;143.117996;,
   66.987198;17.312099;41.347599;,
   67.188499;7.531610;52.818001;,
   69.559502;17.312099;75.196602;,
   67.109596;2.103980;66.117401;,
   67.168999;1.301950;75.546303;,
   69.195900;17.312099;87.525101;,
   66.693199;1.301950;87.679497;,
   68.832199;17.312099;99.853699;,
   66.240898;1.301950;99.853699;,
   68.009399;17.312099;110.863998;,
   65.721497;-1.881020;63.955002;,
   65.523804;-9.716280;75.786903;,
   64.410301;-13.302400;87.820297;,
   63.296799;-16.888500;99.853699;,
   63.964199;-9.186940;110.713997;,
   65.725098;1.301950;110.863998;,
   65.084602;11.063700;114.941002;,
   65.680801;17.312099;114.941002;,
   61.384300;12.305600;139.307007;,
   61.746899;17.107599;139.307007;,
   56.034306;-24.147800;113.632004;,
   59.766399;-15.778499;130.996994;,
   63.333298;-6.705560;133.350006;,
   64.139801;4.085390;114.941002;,
   65.070198;10.512299;139.307007;,
   65.293404;12.270400;143.119003;,
   65.680801;17.312099;143.117996;,
   52.570999;-28.000898;127.999001;,
   62.911697;-3.523140;137.716003;,
   67.109596;2.103980;66.117401;,
   78.410004;2.376340;63.496895;,
   74.317200;-1.853820;61.112602;,
   65.721497;-1.881020;63.955002;,
   103.054001;17.312099;106.196999;,
   93.597504;17.312099;118.536995;,
   94.799004;9.261581;106.196999;,
   93.540298;17.312099;92.138397;,
   86.997902;14.263299;135.391006;,
   88.178703;17.312099;135.337997;,
   86.240402;17.312099;137.791000;,
   85.393204;15.370901;137.843994;,
   65.811096;13.929101;142.304001;,
   63.441704;15.036701;147.218002;,
   63.441704;17.312099;147.218002;,
   62.732101;17.312099;137.533997;,
   62.487801;15.036701;137.117004;,
   65.811096;13.929101;142.304001;,
   3.187590;54.811398;118.263000;,
   5.137160;50.611099;118.333008;,
   1.815400;53.010601;116.316010;,
   6.414370;50.636600;121.189003;,
   3.934460;45.558201;121.117989;,
   3.188550;46.490002;118.226997;,
   2.935820;50.595699;116.347992;,
   -0.039590;50.595200;115.639999;,
   3.983620;55.853497;121.115997;,
   3.982920;55.875595;124.237007;,
   6.413070;50.687000;124.286003;,
   3.984280;45.537800;124.283997;,
   -1.475750;44.262299;124.272003;,
   -1.475450;44.233601;121.056000;,
   5.133400;50.761200;127.042992;,
   3.156480;46.655102;127.056999;,
   -1.191040;45.591900;127.111000;,
   -5.794740;47.860600;124.278999;,
   -5.854980;47.775002;121.169998;,
   3.185740;54.903500;127.004990;,
   1.797680;53.182499;128.862000;,
   2.933400;50.813301;128.936996;,
   1.786150;48.461399;128.891006;,
   -0.701210;47.840698;128.988007;,
   -4.701380;48.463299;127.070999;,
   -0.039590;50.832600;129.604996;,
   -2.718310;49.490898;128.960007;,
   -2.637980;52.094700;128.753998;,
   -4.700590;53.058201;127.021004;,
   -5.850830;53.561199;124.261002;,
   -5.853770;53.522701;121.160004;,
   -0.701070;53.784801;128.891006;,
   -1.190750;55.928997;126.999001;,
   -1.395470;56.704800;124.139992;,
   -1.375340;56.777996;121.060989;,
   -4.504060;52.825199;118.480995;,
   1.797680;53.182499;128.862000;,
   3.185740;54.903500;127.004990;,
   3.982920;55.875595;124.237007;,
   3.983620;55.853497;121.115997;,
   3.187590;54.811398;118.263000;,
   -1.191290;55.865704;118.223000;,
   -0.701620;53.612701;116.296997;,
   -2.720290;51.930901;116.338997;,
   -2.697220;49.282299;116.379997;,
   -4.704040;48.313202;118.297997;,
   1.815400;53.010601;116.316010;,
   -0.701770;47.636196;116.287003;,
   -1.191770;45.485199;118.171997;,
   1.815690;48.217899;116.307991;,
   -20.725700;21.296101;60.942101;,
   -20.725700;30.706198;70.352303;,
   -20.725700;21.296101;70.352303;,
   -20.725700;21.296101;79.762497;,
   -20.725700;11.885899;70.352303;,
   -21.551901;28.807299;70.352303;,
   -21.551901;21.296101;77.863602;,
   -13.670800;21.296101;70.352303;,
   -21.551901;13.784800;70.352303;,
   -21.551901;21.296101;62.841000;,
   30.839298;26.078300;111.338997;,
   31.565298;22.871300;111.575996;,
   31.243698;21.688700;105.737000;,
   30.455299;26.199400;105.309998;,
   30.985798;29.971003;108.995010;,
   30.802301;28.388302;112.528999;,
   31.935802;31.435600;112.959999;,
   31.336302;29.271900;114.376999;,
   32.840500;31.108801;116.078003;,
   31.923698;28.950300;116.373009;,
   33.979401;29.499102;118.711998;,
   32.851200;26.820499;118.082001;,
   31.649200;32.405701;112.850998;,
   32.688000;32.075401;116.297997;,
   34.903702;26.940701;120.156990;,
   33.175400;23.390301;117.911003;,
   35.344700;22.925800;119.641998;,
   33.751598;20.978001;116.440002;,
   35.223000;19.626600;117.442993;,
   34.381401;18.002300;114.282997;,
   32.713299;20.420799;113.181999;,
   33.168800;18.322100;110.695999;,
   31.565298;22.871300;111.575996;,
   31.243698;21.688700;105.737000;,
   35.269402;18.864201;118.305000;,
   34.225201;17.048000;114.702003;,
   32.821499;17.424601;110.222000;,
   44.813801;23.087200;105.598999;,
   44.569099;21.802999;105.601997;,
   43.443802;23.865803;107.682999;,
   43.116901;21.309401;107.688995;,
   42.120800;24.022400;109.411011;,
   41.776299;21.313200;109.436989;,
   40.269402;24.108601;110.150002;,
   45.362598;21.826900;105.666000;,
   44.201401;21.225500;108.799004;,
   42.526100;21.164000;111.049995;,
   40.085899;21.241699;110.372009;,
   37.963299;23.627899;110.533989;,
   39.815701;25.589399;110.193001;,
   44.813801;23.087200;105.598999;,
   45.722000;22.966299;105.629997;,
   45.727299;22.311102;106.305000;,
   44.938900;22.442499;109.286003;,
   43.443802;23.865803;107.682999;,
   44.686001;23.836100;108.834991;,
   43.143200;23.984501;111.015999;,
   43.151199;22.628901;111.592003;,
   41.330601;22.434200;113.332008;,
   40.707901;21.084200;112.520996;,
   42.120800;24.022400;109.411011;,
   40.269402;24.108601;110.150002;,
   41.528000;24.102100;112.484009;,
   39.875599;24.759197;114.414001;,
   39.610600;22.562300;114.800003;,
   39.041100;21.066797;113.635010;,
   38.268501;21.162800;111.330994;,
   41.418098;25.665899;112.419991;,
   41.476501;27.409599;113.283997;,
   39.601398;27.069201;114.891991;,
   37.492901;24.539400;116.377998;,
   39.815701;25.589399;110.193001;,
   43.133099;25.808901;110.040001;,
   43.438202;27.253403;110.516991;,
   42.672001;28.620098;110.000000;,
   40.511501;28.862900;112.317001;,
   41.288200;25.953699;108.741989;,
   44.269501;26.161501;107.413002;,
   44.660099;27.373901;107.480995;,
   44.145500;28.615700;107.231003;,
   41.273201;28.343300;108.895004;,
   39.523701;28.302702;110.527000;,
   42.470699;26.228100;106.728996;,
   43.859501;26.844801;104.764999;,
   44.887299;26.894697;104.730003;,
   45.081699;27.507698;105.092003;,
   44.724400;28.117397;104.636002;,
   43.827400;28.042301;104.723000;,
   42.495602;28.540197;106.584999;,
   38.008099;28.047501;110.968002;,
   38.551498;28.882898;113.438004;,
   37.165401;27.046602;116.147011;,
   35.411301;24.403299;117.418999;,
   37.116604;22.537800;116.151001;,
   37.480499;29.844000;112.188004;,
   35.377499;29.822598;114.592995;,
   35.041901;26.817900;117.087997;,
   36.479099;28.039200;109.351997;,
   37.758099;30.339500;110.497993;,
   36.626801;31.718399;111.327003;,
   35.844299;30.908300;113.057999;,
   33.330601;30.336000;113.897995;,
   33.874401;29.273897;115.699997;,
   36.650799;28.891199;108.721001;,
   38.333000;30.813299;108.793999;,
   37.630001;32.245998;109.093002;,
   35.351898;32.191399;110.771011;,
   34.251301;31.156099;112.455002;,
   37.294601;29.921700;107.575005;,
   38.969002;31.336302;107.197998;,
   38.927299;32.169899;106.783997;,
   38.160900;32.504196;106.622002;,
   36.594700;32.535900;108.547997;,
   38.365299;30.818399;106.390999;,
   38.176498;31.466099;105.785004;,
   37.743698;32.142601;106.137001;,
   35.938301;31.926001;107.722992;,
   34.415600;31.618898;109.412003;,
   33.335800;30.804499;110.886002;,
   32.520302;29.942602;112.152000;,
   31.336302;29.271900;114.376999;,
   31.923698;28.950300;116.373009;,
   32.851200;26.820499;118.082001;,
   30.802301;28.388302;112.528999;,
   33.175400;23.390301;117.911003;,
   35.171200;22.672003;117.096001;,
   34.991199;21.221001;115.779991;,
   36.725498;21.154200;115.044991;,
   33.751598;20.978001;116.440002;,
   34.369404;21.128300;113.043991;,
   36.220699;21.092699;112.423004;,
   32.713299;20.420799;113.181999;,
   33.589401;23.706900;112.093002;,
   35.648899;23.733601;111.351997;,
   37.802799;25.786501;110.324989;,
   31.565298;22.871300;111.575996;,
   30.839298;26.078300;111.338997;,
   32.773899;27.902302;110.457001;,
   35.470600;26.557301;109.884003;,
   36.479099;28.039200;109.351997;,
   38.008099;28.047501;110.968002;,
   39.523701;28.302702;110.527000;,
   30.802301;28.388302;112.528999;,
   32.520302;29.942602;112.152000;,
   33.835400;29.248602;109.568001;,
   34.854401;29.740400;108.351997;,
   36.650799;28.891199;108.721001;,
   36.204201;30.725002;107.135002;,
   37.294601;29.921700;107.575005;,
   38.365299;30.818399;106.390999;,
   33.335800;30.804499;110.886002;,
   34.415600;31.618898;109.412003;,
   35.938301;31.926001;107.722992;,
   37.743698;32.142601;106.137001;,
   38.176498;31.466099;105.785004;,
   41.273201;28.343300;108.895004;,
   41.288200;25.953699;108.741989;,
   42.470699;26.228100;106.728996;,
   42.495602;28.540197;106.584999;,
   43.859501;26.844801;104.764999;,
   43.827400;28.042301;104.723000;,
   -0.000000;11.096000;89.815903;,
   -0.000000;11.096000;71.838898;,
   10.208500;11.621500;79.691200;,
   10.348900;11.621500;89.827698;,
   10.371400;32.497501;79.691200;,
   10.324799;32.497501;89.984299;,
   -0.000000;38.926701;90.139801;,
   -0.000000;38.130901;71.838898;,
   5.266470;28.958700;67.755997;,
   -10.324799;32.497501;89.984299;,
   -10.371400;32.497501;79.691200;,
   -10.348900;11.621500;89.827698;,
   -0.000000;38.926701;90.139801;,
   -0.000000;38.130901;71.838898;,
   -0.000000;11.096000;89.815903;,
   -10.208500;11.621500;79.691200;,
   -0.000000;11.096000;71.838898;,
   4.190090;51.122898;78.335098;,
   -0.000000;52.501499;77.874702;,
   -0.000000;56.790203;91.827400;,
   -0.000000;-21.199100;79.726501;,
   8.050161;-15.796200;84.096901;,
   20.867500;36.455799;92.527901;,
   8.348990;52.312000;91.304298;,
   -0.000000;56.790203;91.827400;,
   -0.000000;53.684601;111.767998;,
   8.348990;52.312000;91.304298;,
   8.176840;46.850700;119.497993;,
   13.681099;45.191002;111.097000;,
   20.867500;39.787998;104.489998;,
   20.867500;36.455799;92.527901;,
   -0.000000;43.478199;117.376999;,
   8.152440;42.982498;120.308990;,
   12.877499;40.767502;111.970993;,
   17.642799;35.870899;105.786003;,
   21.987101;30.103298;101.267998;,
   23.218599;-7.137000;103.877998;,
   8.050161;-15.796200;84.096901;,
   19.079500;-9.163460;109.877007;,
   10.780200;-15.002400;103.227997;,
   -0.000000;-21.199100;79.726501;,
   19.208900;29.685200;101.345001;,
   23.218599;7.019600;112.033997;,
   20.930599;7.019600;114.894005;,
   -0.000000;-21.776800;98.964798;,
   -0.000000;-15.997400;113.885002;,
   -0.000000;2.238820;129.210007;,
   20.930599;7.019600;114.894005;,
   23.218599;7.019600;112.033997;,
   -0.000000;2.238820;129.210007;,
   20.930599;7.019600;114.894005;,
   -0.000000;1.079470;113.405006;,
   17.050301;6.098470;107.367996;,
   -0.000000;0.409900;97.194901;,
   -0.000000;29.523199;94.515198;,
   15.585000;29.575600;96.968399;,
   -0.000000;41.704300;110.232002;,
   19.208900;29.685200;101.345001;,
   17.642799;35.870899;105.786003;,
   12.877499;40.767502;111.970993;,
   8.152440;42.982498;120.308990;,
   -0.000000;43.478199;117.376999;,
   21.360500;-18.925501;124.113998;,
   26.051001;-18.920799;123.432999;,
   23.954800;-9.863530;131.716003;,
   28.388302;-9.891190;130.889999;,
   25.963100;1.351920;136.998993;,
   30.400198;1.547820;136.089996;,
   26.564199;8.487270;138.167999;,
   27.945501;-16.357201;122.635010;,
   30.084997;-8.393960;128.832993;,
   32.028400;2.301770;133.858994;,
   30.986301;8.324070;137.223999;,
   30.986301;16.539101;138.097000;,
   26.564199;16.539101;139.026993;,
   26.364901;33.155800;137.576004;,
   36.367199;-7.224230;126.518005;,
   38.909100;2.443390;131.184998;,
   32.607201;8.324070;135.102005;,
   32.607201;16.539101;135.977997;,
   38.367802;-14.383701;118.148003;,
   42.379002;-6.508350;124.412003;,
   45.845299;2.651860;128.664001;,
   39.905701;9.651970;133.029999;,
   40.325001;16.353800;133.940994;,
   40.216099;29.942701;132.707993;,
   32.625099;32.040501;134.373993;,
   30.917601;33.060699;136.623993;,
   47.701000;10.189900;129.852005;,
   47.701000;16.330200;130.949005;,
   47.947701;26.834900;129.863007;,
   47.792099;34.794201;124.467010;,
   39.790901;39.997898;127.721001;,
   32.424000;42.477100;129.804001;,
   30.677502;44.473999;131.195999;,
   25.497601;45.268902;131.916000;,
   23.070400;43.375198;106.767998;,
   28.555901;42.705200;106.544998;,
   44.746601;36.166100;107.857994;,
   30.049900;40.800301;107.814003;,
   30.049900;40.800301;107.814003;,
   44.746601;36.166100;107.857994;,
   38.924099;15.529701;96.871803;,
   26.359900;15.534299;94.312401;,
   28.555901;42.705200;106.544998;,
   24.178400;15.491701;91.887001;,
   23.070400;43.375198;106.767998;,
   18.807400;15.184600;92.756401;,
   27.132702;-3.879050;106.296997;,
   25.236300;-5.232550;105.362999;,
   19.859699;-5.670700;105.382004;,
   26.051001;-18.920799;123.432999;,
   21.360500;-18.925501;124.113998;,
   38.629101;-1.595840;106.588997;,
   38.367802;-14.383701;118.148003;,
   27.945501;-16.357201;122.635010;,
   30.478203;14.846501;132.406998;,
   23.465300;14.846600;134.126999;,
   23.992500;21.463301;136.350998;,
   32.606899;23.130400;134.442993;,
   26.008301;20.684603;142.526001;,
   35.281200;22.155701;142.110992;,
   38.450001;20.010498;137.464996;,
   36.995499;20.466400;133.774002;,
   43.683601;19.281200;133.863998;,
   42.704498;19.724701;131.779007;,
   36.083000;14.840000;142.132996;,
   38.924702;14.837301;138.181000;,
   26.009197;14.841600;142.475006;,
   26.010099;8.998440;142.529999;,
   35.283501;7.524700;142.115997;,
   38.451500;9.665030;137.468994;,
   23.992500;21.463301;136.350998;,
   23.465300;14.846600;134.126999;,
   23.993000;8.229540;136.352005;,
   23.465300;14.846600;134.126999;,
   30.478203;14.846501;132.406998;,
   23.993000;8.229540;136.352005;,
   32.607498;6.561920;134.444000;,
   36.997200;9.209860;133.774994;,
   43.685001;10.351600;133.867004;,
   44.108101;14.815099;134.837997;,
   50.150700;14.672301;133.069000;,
   50.037102;19.941900;132.201996;,
   48.333000;19.313601;129.115997;,
   43.506001;19.324200;123.823997;,
   42.709999;9.898350;131.852005;,
   48.333401;10.032200;129.115997;,
   50.038700;9.403280;132.205002;,
   43.556801;10.369001;123.777000;,
   46.131699;10.604200;122.193001;,
   46.712101;19.176100;122.319000;,
   46.712101;19.176100;122.319000;,
   48.333000;19.313601;129.115997;,
   49.816799;14.846301;124.572990;,
   51.331799;14.845899;128.662994;,
   54.098099;14.671800;132.705994;,
   51.331799;14.845899;128.662994;,
   48.333401;10.032200;129.115997;,
   49.816799;14.846301;124.572990;,
   46.131699;10.604200;122.193001;,
   -20.930599;7.019600;114.894005;,
   -19.208900;29.685200;101.345001;,
   -23.218599;7.019600;112.033997;,
   -21.987101;30.103298;101.267998;,
   -23.218599;-7.137000;103.877998;,
   -20.867500;36.455799;92.527901;,
   -8.050161;-15.796200;84.096901;,
   -19.079500;-9.163460;109.877007;,
   -23.218599;7.019600;112.033997;,
   -17.642799;35.870899;105.786003;,
   -20.867500;39.787998;104.489998;,
   -8.348990;52.312000;91.304298;,
   -4.190090;51.122898;78.335098;,
   -0.000000;-21.199100;79.726501;,
   -10.780200;-15.002400;103.227997;,
   -12.877499;40.767502;111.970993;,
   -13.681099;45.191002;111.097000;,
   -8.176840;46.850700;119.497993;,
   -0.000000;53.684601;111.767998;,
   -0.000000;56.790203;91.827400;,
   -0.000000;52.501499;77.874702;,
   -8.152440;42.982498;120.308990;,
   -0.000000;43.478199;117.376999;,
   -0.000000;-21.776800;98.964798;,
   -0.000000;-15.997400;113.885002;,
   -0.000000;2.238820;129.210007;,
   -20.930599;7.019600;114.894005;,
   -0.000000;1.079470;113.405006;,
   -20.930599;7.019600;114.894005;,
   -0.000000;2.238820;129.210007;,
   -17.050301;6.098470;107.367996;,
   -19.208900;29.685200;101.345001;,
   -15.585000;29.575600;96.968399;,
   -17.642799;35.870899;105.786003;,
   -12.877499;40.767502;111.970993;,
   -0.000000;0.409900;97.194901;,
   -0.000000;29.523199;94.515198;,
   -0.000000;41.704300;110.232002;,
   -8.152440;42.982498;120.308990;,
   -0.000000;43.478199;117.376999;,
   -26.051001;-18.920799;123.432999;,
   -21.360500;-18.925501;124.113998;,
   -23.954800;-9.863530;131.716003;,
   -28.388302;-9.891190;130.889999;,
   -27.945501;-16.357201;122.635010;,
   -30.084997;-8.393960;128.832993;,
   -36.367199;-7.224230;126.518005;,
   -38.367802;-14.383701;118.148003;,
   -42.379002;-6.508350;124.412003;,
   -25.963100;1.351920;136.998993;,
   -30.400198;1.547820;136.089996;,
   -32.028400;2.301770;133.858994;,
   -38.909100;2.443390;131.184998;,
   -45.845299;2.651860;128.664001;,
   -39.905701;9.651970;133.029999;,
   -47.701000;10.189900;129.852005;,
   -26.564199;8.487270;138.167999;,
   -30.986301;8.324070;137.223999;,
   -32.607201;8.324070;135.102005;,
   -32.607201;16.539101;135.977997;,
   -40.325001;16.353800;133.940994;,
   -47.701000;16.330200;130.949005;,
   -47.947701;26.834900;129.863007;,
   -30.986301;16.539101;138.097000;,
   -26.564199;16.539101;139.026993;,
   -26.364901;33.155800;137.576004;,
   -30.917601;33.060699;136.623993;,
   -32.625099;32.040501;134.373993;,
   -40.216099;29.942701;132.707993;,
   -47.792099;34.794201;124.467010;,
   -39.790901;39.997898;127.721001;,
   -44.746601;36.166100;107.857994;,
   -30.677502;44.473999;131.195999;,
   -32.424000;42.477100;129.804001;,
   -25.497601;45.268902;131.916000;,
   -23.070400;43.375198;106.767998;,
   -28.555901;42.705200;106.544998;,
   -30.049900;40.800301;107.814003;,
   -44.746601;36.166100;107.857994;,
   -30.049900;40.800301;107.814003;,
   -38.924099;15.529701;96.871803;,
   -26.359900;15.534299;94.312401;,
   -27.132702;-3.879050;106.296997;,
   -38.629101;-1.595840;106.588997;,
   -38.367802;-14.383701;118.148003;,
   -27.945501;-16.357201;122.635010;,
   -28.555901;42.705200;106.544998;,
   -24.178400;15.491701;91.887001;,
   -25.236300;-5.232550;105.362999;,
   -26.051001;-18.920799;123.432999;,
   -19.859699;-5.670700;105.382004;,
   -21.360500;-18.925501;124.113998;,
   -23.070400;43.375198;106.767998;,
   -18.807400;15.184600;92.756401;,
   -49.816799;14.846301;124.572990;,
   -46.131699;10.604200;122.193001;,
   -48.333401;10.032200;129.115997;,
   -51.331799;14.845899;128.662994;,
   -50.038700;9.403280;132.205002;,
   -54.098099;14.671800;132.705994;,
   -50.150700;14.672301;133.069000;,
   -50.037102;19.941900;132.201996;,
   -51.331799;14.845899;128.662994;,
   -48.333000;19.313601;129.115997;,
   -49.816799;14.846301;124.572990;,
   -46.712101;19.176100;122.319000;,
   -43.685001;10.351600;133.867004;,
   -44.108101;14.815099;134.837997;,
   -43.683601;19.281200;133.863998;,
   -48.333000;19.313601;129.115997;,
   -48.333401;10.032200;129.115997;,
   -42.709999;9.898350;131.852005;,
   -36.997200;9.209860;133.774994;,
   -38.451500;9.665030;137.468994;,
   -38.924702;14.837301;138.181000;,
   -43.556801;10.369001;123.777000;,
   -46.131699;10.604200;122.193001;,
   -32.607498;6.561920;134.444000;,
   -35.283501;7.524700;142.115997;,
   -36.083000;14.840000;142.132996;,
   -38.450001;20.010498;137.464996;,
   -36.995499;20.466400;133.774002;,
   -42.704498;19.724701;131.779007;,
   -26.010099;8.998440;142.529999;,
   -26.009197;14.841600;142.475006;,
   -26.008301;20.684603;142.526001;,
   -35.281200;22.155701;142.110992;,
   -32.606899;23.130400;134.442993;,
   -23.993000;8.229540;136.352005;,
   -30.478203;14.846501;132.406998;,
   -23.465300;14.846600;134.126999;,
   -23.992500;21.463301;136.350998;,
   -30.478203;14.846501;132.406998;,
   -23.465300;14.846600;134.126999;,
   -23.992500;21.463301;136.350998;,
   -23.465300;14.846600;134.126999;,
   -23.993000;8.229540;136.352005;,
   -43.506001;19.324200;123.823997;,
   -46.712101;19.176100;122.319000;,
   24.203199;15.331501;115.650993;,
   18.807400;15.184600;92.756401;,
   19.859699;-5.670700;105.382004;,
   23.070400;43.375198;106.767998;,
   25.497601;45.268902;131.916000;,
   26.364901;33.155800;137.576004;,
   26.564199;16.539101;139.026993;,
   26.564199;8.487270;138.167999;,
   21.360500;-18.925501;124.113998;,
   23.954800;-9.863530;131.716003;,
   25.963100;1.351920;136.998993;,
   42.379002;-6.508350;124.412003;,
   43.736801;15.431699;115.653999;,
   45.845299;2.651860;128.664001;,
   38.367802;-14.383701;118.148003;,
   38.629101;-1.595840;106.588997;,
