xof 0303txt 0032
template VertexDuplicationIndices {
 <b8d65549-d7c9-4995-89cf-53a9a8b031e3>
 DWORD nIndices;
 DWORD nOriginalVertices;
 array DWORD indices[nIndices];
}

template EffectParamDWord {
 <e13963bc-ae51-4c5d-b00f-cfa3a9d97ce5>
 STRING ParamName;
 DWORD Value;
}

template FVFData {
 <b6e70a0e-8ef9-4e83-94ad-ecc8b0c04897>
 DWORD dwFVF;
 DWORD nDWords;
 array DWORD data[nDWords];
}

template EffectFloats {
 <f1cfe2b3-0de3-4e28-afa1-155a750a282d>
 DWORD nFloats;
 array FLOAT Floats[nFloats];
}

template EffectString {
 <d55b097e-bdb6-4c52-b03d-6051c89d0e42>
 STRING Value;
}

template EffectDWord {
 <622c0ed0-956e-4da9-908a-2af94f3ce716>
 DWORD Value;
}

template EffectInstance {
 <e331f7e4-0559-4cc2-8e99-1cec1657928f>
 STRING EffectFilename;
 [...]
}

template AnimTicksPerSecond {
 <9e415a43-7ba6-4a73-8743-b73d47e88476>
 DWORD AnimTicksPerSecond;
}

template VertexElement {
 <f752461c-1e23-48f6-b9f8-8350850f336f>
 DWORD Type;
 DWORD Method;
 DWORD Usage;
 DWORD UsageIndex;
}

template DeclData {
 <bf22e553-292c-4781-9fea-62bd554bdd93>
 DWORD nElements;
 array VertexElement Elements[nElements];
 DWORD nDWords;
 array DWORD data[nDWords];
}

template EffectParamFloats {
 <3014b9a0-62f5-478c-9b86-e4ac9f4e418b>
 STRING ParamName;
 DWORD nFloats;
 array FLOAT Floats[nFloats];
}

template EffectParamString {
 <1dbc4c88-94c1-46ee-9076-2c28818c9481>
 STRING ParamName;
 STRING Value;
}


AnimTicksPerSecond {
 4800;
}

Frame {
 

 FrameTransformMatrix {
  1.000000,0.000000,0.000000,0.000000,0.000000,1.000000,0.000000,0.000000,0.000000,0.000000,1.000000,0.000000,0.000000,0.000000,0.000000,1.000000;;
 }

 Frame Armature {
  

  FrameTransformMatrix {
   39.370079,0.000000,-0.000000,0.000000,-0.000000,0.000002,-39.370075,0.000000,0.000000,39.370075,0.000002,0.000000,0.000000,0.000000,0.000000,1.000000;;
  }

  Frame Root {
   

   FrameTransformMatrix {
    0.996757,0.079869,0.009801,0.000000,-0.070470,0.925214,-0.372845,0.000000,-0.038847,0.370945,0.927842,0.000000,4.790446,14.686361,124.432343,1.000000;;
   }

   Frame Pelvis {
    

    FrameTransformMatrix {
     0.990719,0.135851,-0.004525,0.000000,-0.134827,0.986391,0.094094,0.000000,0.017246,-0.092610,0.995553,0.000000,-0.049309,0.903165,-9.673930,1.000000;;
    }

    Frame Cloth_Back1 {
     

     FrameTransformMatrix {
      0.023394,0.381284,0.924162,0.000000,0.982586,-0.179213,0.049065,0.000000,0.184330,0.906920,-0.378837,0.000000,-0.041630,-24.964310,-3.609062,1.000000;;
     }

     Frame Cloth_Back2 {
      

      FrameTransformMatrix {
       0.969304,-0.024396,0.244650,0.000000,-0.093490,0.883746,0.458532,0.000000,-0.227395,-0.467330,0.854338,0.000000,-23.717510,-0.000001,0.000015,1.000000;;
      }

      Frame Cloth_Back3 {
       

       FrameTransformMatrix {
        0.918368,0.108777,-0.380487,0.000000,-0.101019,0.994065,0.040366,0.000000,0.382620,0.001365,0.923906,0.000000,-23.684097,0.000002,-0.000003,1.000000;;
       }
      }
     }
    }

    Frame Cloth_Front1 {
     

     FrameTransformMatrix {
      0.115561,-0.662938,0.739702,0.000000,0.906318,0.375123,0.194603,0.000000,-0.406489,0.647917,0.644182,0.000000,-5.928721,28.248062,0.511753,1.000000;;
     }

     Frame Cloth_Front2 {
      

      FrameTransformMatrix {
       0.959292,-0.041611,-0.279334,0.000000,0.041287,0.999123,-0.007048,0.000000,0.279382,-0.004772,0.960168,0.000000,-27.920170,2.888797,4.397456,1.000000;;
      }
     }
    }

    Frame L_Hip {
     

     FrameTransformMatrix {
      0.174530,0.281313,0.943611,0.000000,0.977642,-0.163650,-0.132037,0.000000,0.117278,0.945559,-0.303585,0.000000,-14.867899,-1.278984,-8.115458,1.000000;;
     }

     Frame L_KneeUpper {
      

      FrameTransformMatrix {
       1.000000,0.000140,0.000382,0.000000,-0.000140,1.000001,-0.000058,0.000000,-0.000382,0.000058,1.000000,0.000000,-50.020378,-0.000023,-0.000172,1.000000;;
      }

      Frame L_KneeLower {
       

       FrameTransformMatrix {
        0.595381,-0.000010,0.803443,0.000000,-0.000063,1.000000,0.000059,0.000000,-0.803443,-0.000085,0.595381,0.000000,-0.000008,-0.000001,0.000008,1.000000;;
       }

       Frame L_Foot {
        

        FrameTransformMatrix {
         0.965237,0.034552,0.259083,0.000000,0.004796,0.988716,-0.149725,0.000000,-0.261332,0.145763,0.954180,0.000000,-40.211769,-0.000268,-0.000029,1.000000;;
        }

        Frame L_Toe {
         

         FrameTransformMatrix {
          0.565154,0.001869,-0.824968,0.000000,-0.000028,0.999988,0.002246,0.000000,0.824972,-0.001246,0.565154,0.000000,-8.967545,0.000032,16.981115,1.000000;;
         }
        }
       }
      }
     }
    }

    Frame R_Hip {
     

     FrameTransformMatrix {
      0.120103,0.799600,-0.588401,0.000000,0.812790,-0.419520,-0.404196,0.000000,-0.570041,-0.429702,-0.700292,0.000000,14.679003,-1.278982,-8.453450,1.000000;;
     }

     Frame R_KneeUpper {
      

      FrameTransformMatrix {
       1.000000,0.000118,0.000000,0.000000,-0.000118,1.000000,0.000028,0.000000,0.000000,-0.000028,1.000000,0.000000,55.796444,0.000198,-0.000010,1.000000;;
      }

      Frame R_KneeLower {
       

       FrameTransformMatrix {
        0.851127,0.000078,0.524960,0.000000,-0.000075,1.000000,-0.000028,0.000000,-0.524960,-0.000015,0.851127,0.000000,0.000002,-0.000004,0.000003,1.000000;;
       }

       Frame R_Foot {
        

        FrameTransformMatrix {
         0.582030,-0.106394,-0.806177,0.000000,-0.189957,0.946185,-0.262013,0.000000,0.790669,0.305638,0.530498,0.000000,45.543564,-0.000024,-0.000058,1.000000;;
        }

        Frame R_Toe {
         

         FrameTransformMatrix {
          0.565160,0.001870,-0.824980,0.000000,-0.000027,0.999999,0.002248,0.000000,0.824982,-0.001248,0.565159,0.000000,8.967494,0.000001,-16.981010,1.000000;;
         }
        }
       }
      }
     }
    }
   }

   Frame Spine1 {
    

    FrameTransformMatrix {
     0.757271,-0.651672,-0.043177,0.000000,0.630867,0.746993,-0.209781,0.000000,0.168961,0.131622,0.976795,0.000000,0.000000,-0.150667,9.665978,1.000000;;
    }

    Frame Spine2 {
     

     FrameTransformMatrix {
      0.947611,-0.319304,0.008875,0.000000,0.313255,0.923508,-0.221370,0.000000,0.062488,0.212553,0.975150,0.000000,-0.000002,-2.571729,10.390731,1.000000;;
     }

     Frame Spine3 {
      

      FrameTransformMatrix {
       0.938937,-0.339482,0.056115,0.000000,0.340915,0.939921,-0.018028,0.000000,-0.046624,0.036058,0.998262,0.000000,-0.000002,-3.755773,10.651794,1.000000;;
      }

      Frame Scarf1 {
       

       FrameTransformMatrix {
        -0.370486,0.414517,0.831214,0.000000,-0.914606,-0.318861,-0.248643,0.000000,0.161975,-0.852352,0.497253,0.000000,-10.643593,-35.922203,31.320127,1.000000;;
       }

       Frame Scarf2 {
        

        FrameTransformMatrix {
         0.994326,0.098525,-0.040096,0.000000,-0.092676,0.987424,0.128083,0.000000,0.052211,-0.123641,0.990953,0.000000,-36.013905,-0.000005,0.000031,1.000000;;
        }

        Frame Scarf3 {
         

         FrameTransformMatrix {
          0.712849,0.646100,0.272767,0.000000,-0.616036,0.762748,-0.196762,0.000000,-0.335181,-0.027773,0.941745,0.000000,-32.024220,0.000005,0.000000,1.000000;;
         }
        }
       }
      }

      Frame L_Clavicle {
       

       FrameTransformMatrix {
        0.989042,0.146255,0.020134,0.000000,-0.146923,0.988453,0.037063,0.000000,-0.014481,-0.039615,0.999110,0.000000,-11.678358,7.690408,6.452801,1.000000;;
       }

       Frame L_Shoulde_Pad {
        

        FrameTransformMatrix {
         0.419819,-0.705238,0.478425,0.000000,0.429513,0.635737,0.560229,0.000000,-0.736050,-0.031268,0.599793,0.000000,-25.638702,-6.951563,14.838914,1.000000;;
        }
       }

       Frame L_Shoulder {
        

        FrameTransformMatrix {
         -0.116304,-0.918159,0.378758,0.000000,0.985104,-0.155269,-0.073901,0.000000,0.126663,0.364521,0.922541,0.000000,-23.000994,-11.420014,2.546042,1.000000;;
        }

        Frame L_Elbow {
         

         FrameTransformMatrix {
          0.539094,-0.842246,-0.000000,0.000000,0.842246,0.539094,0.000000,0.000000,0.000000,-0.000000,1.000000,0.000000,-41.081474,0.000004,0.000011,1.000000;;
         }

         Frame L_Hand {
          

          FrameTransformMatrix {
           0.741997,0.565511,-0.360051,0.000000,0.471551,-0.058499,0.879896,0.000000,0.476529,-0.822663,-0.310073,0.000000,-41.437222,0.000006,-0.000011,1.000000;;
          }

          Frame L_Pinky1 {
           

           FrameTransformMatrix {
            -0.400950,-0.078313,0.912746,0.000000,-0.407185,0.907746,-0.100984,0.000000,-0.820634,-0.412146,-0.395849,0.000000,-13.179208,-10.104996,-3.654220,1.000000;;
           }

           Frame L_Pinky2 {
            

            FrameTransformMatrix {
             0.109958,0.000013,0.993936,0.000000,-0.000123,1.000000,0.000000,0.000000,-0.993937,-0.000122,0.109958,0.000000,-5.775729,-0.000003,0.000031,1.000000;;
            }
           }
          }

          Frame L_Ring1 {
           

           FrameTransformMatrix {
            -0.360016,-0.105464,0.926966,0.000000,-0.332401,0.942886,-0.021823,0.000000,-0.871721,-0.315981,-0.374510,0.000000,-16.040703,-5.734054,-1.697884,1.000000;;
           }

           Frame L_Ring2 {
            

            FrameTransformMatrix {
             0.109958,0.000012,0.993937,0.000000,-0.000122,1.000000,0.000001,0.000000,-0.993936,-0.000121,0.109958,0.000000,-6.792463,-0.000050,0.000024,1.000000;;
            }
           }
          }

          Frame L_Middle1 {
           

           FrameTransformMatrix {
            -0.228071,0.029946,0.973184,0.000000,-0.121114,0.990891,-0.058875,0.000000,-0.966082,-0.131294,-0.222367,0.000000,-17.351604,-0.155083,-2.327418,1.000000;;
           }

           Frame L_Middle2 {
            

            FrameTransformMatrix {
             0.109958,0.000012,0.993936,0.000000,-0.000122,1.000000,0.000001,0.000000,-0.993936,-0.000121,0.109958,0.000000,-7.346092,0.000055,0.000003,1.000000;;
            }
           }
          }

          Frame L_Index1 {
           

           FrameTransformMatrix {
            -0.358088,0.096250,0.928713,0.000000,0.111852,0.991931,-0.059675,0.000000,-0.926964,0.082510,-0.365965,0.000000,-17.948708,5.902507,-1.923759,1.000000;;
           }

           Frame L_Index2 {
            

            FrameTransformMatrix {
             0.109958,0.000012,0.993937,0.000000,-0.000122,1.000000,0.000001,0.000000,-0.993936,-0.000121,0.109958,0.000000,-7.063945,-0.000040,0.000015,1.000000;;
            }
           }
          }

          Frame L_Thumb1 {
           

           FrameTransformMatrix {
            0.726388,0.085114,0.681994,0.000000,0.662483,0.177455,-0.727754,0.000000,-0.182965,0.980441,0.072515,0.000000,-5.522514,8.072022,-3.812413,1.000000;;
           }

           Frame L_Thumb2 {
            

            FrameTransformMatrix {
             0.398578,0.000047,0.917134,0.000000,-0.000120,1.000001,0.000000,0.000000,-0.917134,-0.000110,0.398578,0.000000,-9.608181,-0.000020,0.000015,1.000000;;
            }
           }
          }
         }
        }
       }
      }

      Frame R_Clavicle {
       

       FrameTransformMatrix {
        0.946835,-0.176518,0.268972,0.000000,-0.143616,-0.980022,-0.137603,0.000000,0.287886,0.091659,-0.953264,0.000000,17.854134,5.413838,7.930324,1.000000;;
       }

       Frame R_Shoulde_Pad {
        

        FrameTransformMatrix {
         0.614761,-0.294183,0.731796,0.000000,0.310562,0.943167,0.118260,0.000000,-0.724996,0.154566,0.671185,0.000000,27.686008,9.061717,-15.432101,1.000000;;
        }
       }

       Frame R_Shoulder {
        

        FrameTransformMatrix {
         -0.164933,-0.910581,0.378996,0.000000,0.802516,0.099490,0.588277,0.000000,-0.573381,0.401177,0.714347,0.000000,23.001011,11.420017,-2.546115,1.000000;;
        }

        Frame R_Elbow {
         

         FrameTransformMatrix {
          0.583004,-0.812470,-0.000000,0.000000,0.812470,0.583004,0.000000,0.000000,0.000000,-0.000000,1.000000,0.000000,41.082195,-0.000481,-0.000192,1.000000;;
         }

         Frame R_Hand {
          

          FrameTransformMatrix {
           0.814493,0.577318,0.057489,0.000000,-0.461745,0.585050,0.666714,0.000000,0.351272,-0.569579,0.743093,0.000000,32.472546,-0.000480,-0.000031,1.000000;;
          }

          Frame Weapon {
           

           FrameTransformMatrix {
            -0.411406,-0.104321,0.905462,0.000000,-0.910917,0.013040,-0.412382,0.000000,0.031213,-0.994458,-0.100392,0.000000,9.618617,5.238681,7.347282,1.000000;;
           }
          }

          Frame R_Pinky1 {
           

           FrameTransformMatrix {
            -0.298109,-0.201268,0.933071,0.000000,-0.160106,0.974212,0.158990,0.000000,-0.941009,-0.101994,-0.322645,0.000000,15.297049,10.018842,9.252728,1.000000;;
           }

           Frame R_Pinky2 {
            

            FrameTransformMatrix {
             0.289218,0.000035,0.957264,0.000000,-0.000118,1.000000,-0.000001,0.000000,-0.957263,-0.000113,0.289217,0.000000,5.775746,-0.000084,-0.000043,1.000000;;
            }
           }
          }

          Frame R_Ring1 {
           

           FrameTransformMatrix {
            -0.173256,0.000830,0.984876,0.000000,-0.119340,0.992613,-0.021830,0.000000,-0.977620,-0.121318,-0.171878,0.000000,17.746040,5.531589,6.192177,1.000000;;
           }

           Frame R_Ring2 {
            

            FrameTransformMatrix {
             0.289218,0.000034,0.957263,0.000000,-0.000120,1.000000,0.000001,0.000000,-0.957263,-0.000115,0.289218,0.000000,6.792484,-0.000111,-0.000020,1.000000;;
            }
           }
          }

          Frame R_Middle1 {
           

           FrameTransformMatrix {
            -0.048201,0.053376,0.997410,0.000000,-0.121109,0.990891,-0.058880,0.000000,-0.991468,-0.123633,-0.041298,0.000000,17.105061,0.429787,7.450240,1.000000;;
           }

           Frame R_Middle2 {
            

            FrameTransformMatrix {
             0.289218,0.000036,0.957263,0.000000,-0.000122,1.000000,-0.000001,0.000000,-0.957264,-0.000116,0.289219,0.000000,7.346107,-0.000172,-0.000054,1.000000;;
            }
           }
          }

          Frame R_Index1 {
           

           FrameTransformMatrix {
            -0.183199,0.079614,0.979847,0.000000,0.111852,0.991931,-0.059683,0.000000,-0.976692,0.098664,-0.190626,0.000000,16.832457,-5.417874,7.896233,1.000000;;
           }

           Frame R_Index2 {
            

            FrameTransformMatrix {
             0.289220,0.000034,0.957263,0.000000,-0.000120,1.000000,0.000001,0.000000,-0.957263,-0.000115,0.289220,0.000000,7.063973,-0.000090,-0.000036,1.000000;;
            }
           }
          }

          Frame R_Thumb1 {
           

           FrameTransformMatrix {
            0.376345,-0.618299,0.689979,0.000000,0.836269,-0.093840,-0.540229,0.000000,0.398771,0.780321,0.481748,0.000000,5.522401,-8.072082,3.812355,1.000000;;
           }

           Frame R_Thumb2 {
            

            FrameTransformMatrix {
             0.281684,0.000031,0.959506,0.000000,-0.000113,1.000001,0.000000,0.000000,-0.959507,-0.000108,0.281684,0.000000,9.608282,-0.000014,-0.000061,1.000000;;
            }
           }
          }
         }
        }
       }
      }

      Frame Neck {
       

       FrameTransformMatrix {
        1.000000,0.000086,0.000000,0.000000,-0.000086,1.000000,0.000000,0.000000,0.000000,0.000000,1.000000,0.000000,-0.024353,-1.905327,26.771509,1.000000;;
       }

       Frame Head {
        

        FrameTransformMatrix {
         0.346258,0.900376,0.263491,0.000000,-0.759600,0.104246,0.641982,0.000000,0.550557,-0.422439,0.720022,0.000000,0.000009,3.509537,4.794998,1.000000;;
        }
       }
      }
     }
    }
   }
  }
 }

 Frame Model {
  

  FrameTransformMatrix {
   39.370079,0.000000,0.000003,0.000000,0.000003,-0.000006,-39.370079,0.000000,0.000000,39.370079,-0.000006,0.000000,0.000000,0.000000,0.000000,1.000000;;
  }

  Mesh Model {
   4851;
   10.595899;-25.166300;173.567993;,
   15.325400;-24.823500;180.585007;,
   23.984600;-29.583002;157.337006;,
   31.968000;-31.241600;152.518005;,
   37.713799;-31.045101;150.029007;,
   47.696201;-27.732498;150.569000;,
   17.598301;-18.129997;187.546997;,
   21.096600;-7.363190;189.796997;,
   55.636902;-13.749200;151.884003;,
   22.029600;3.086010;187.186005;,
   52.458302;0.801590;149.632004;,
   42.376202;7.326180;149.072006;,
   22.425400;10.349500;180.794006;,
   31.405600;11.227500;158.863007;,
   34.782700;10.548700;155.436996;,
   36.100800;9.553770;150.546997;,
   23.694300;13.233200;162.093994;,
   18.700600;12.711600;174.112000;,
   23.984600;-29.583002;157.337006;,
   31.968000;-31.241600;152.518005;,
   30.381798;-37.319401;152.800995;,
   37.757099;-37.069401;150.007996;,
   36.223202;-41.719799;158.194000;,
   26.544500;-41.260201;166.632996;,
   21.200600;-35.765499;158.535004;,
   10.595899;-25.166300;173.567993;,
   37.713799;-31.045101;150.029007;,
   46.240601;-35.859501;149.862000;,
   48.306999;-39.225601;156.468994;,
   38.101200;-38.820301;163.865005;,
   32.209702;-39.809101;168.242996;,
   47.696201;-27.732498;150.569000;,
   55.506004;-27.363100;149.981003;,
   57.143200;-34.483898;156.766006;,
   47.321999;-36.476700;162.817993;,
   43.706699;-37.075500;171.281006;,
   33.855202;-38.273701;172.031998;,
   55.636902;-13.749200;151.884003;,
   60.390598;-14.620699;150.593994;,
   63.275295;-26.332600;157.214005;,
   57.043503;-27.736799;162.990005;,
   55.619598;-27.151802;171.987000;,
   59.861797;-1.657070;149.309006;,
   66.687599;-3.853170;156.906998;,
   66.660301;-15.167099;157.257004;,
   62.814201;-14.273901;163.557999;,
   60.935905;-14.106800;171.968002;,
   52.458302;0.801590;149.632004;,
   53.651501;8.523320;148.632004;,
   63.982494;3.772750;156.059998;,
   60.944302;-0.237490;162.306000;,
   42.376202;7.326180;149.072006;,
   44.482300;13.159099;148.727005;,
   47.566399;17.754997;157.822006;,
   57.006100;11.758000;155.878998;,
   56.903999;10.686000;162.253006;,
   59.837902;-0.727650;171.727005;,
   36.100800;9.553770;150.546997;,
   36.884399;15.689701;150.981003;,
   34.569599;17.117701;156.365005;,
   38.907700;21.011200;165.317001;,
   44.263401;16.580900;167.475006;,
   49.547699;14.938800;163.195999;,
   34.782700;10.548700;155.436996;,
   31.405600;11.227500;158.863007;,
   31.342899;17.602900;159.421997;,
   32.352100;21.501801;167.203995;,
   38.616299;20.837999;171.781006;,
   43.638802;19.339300;170.343994;,
   44.808498;16.115200;170.820007;,
   23.694300;13.233200;162.093994;,
   25.582701;19.257698;162.115997;,
   27.425699;20.578501;171.591003;,
   33.337700;21.546600;174.701996;,
   35.409000;21.520800;172.459000;,
   22.800200;20.242001;165.365997;,
   19.280800;18.982700;175.968994;,
   27.013901;19.619101;178.442001;,
   18.700600;12.711600;174.112000;,
   20.208900;18.562901;178.893005;,
   29.902399;18.611401;184.931000;,
   34.548302;20.654200;180.656998;,
   32.967899;21.361500;177.787003;,
   22.425400;10.349500;180.794006;,
   29.105700;16.743702;190.412003;,
   35.772999;16.361000;188.087006;,
   37.402401;19.835501;182.283997;,
   37.115898;17.998699;180.417999;,
   34.654701;18.520800;179.182007;,
   27.620701;10.597600;192.447006;,
   31.948500;10.892600;191.712997;,
   22.029600;3.086010;187.186005;,
   29.998098;3.015570;200.412994;,
   32.020901;8.743040;196.757004;,
   34.817600;7.392190;195.438995;,
   34.483898;9.313690;190.509995;,
   21.096600;-7.363190;189.796997;,
   28.260202;-4.296010;203.839005;,
   33.588902;-5.317510;202.171005;,
   34.519600;1.766260;199.604996;,
   38.412399;0.879860;194.014008;,
   37.945099;8.362001;189.541000;,
   26.222799;-13.704600;203.367996;,
   31.796000;-14.457901;202.179001;,
   36.652199;-10.108700;195.675995;,
   25.171200;-19.537100;201.292007;,
   29.782198;-21.183500;199.878998;,
   34.931400;-21.213900;193.201004;,
   47.387402;-12.216601;189.903000;,
   47.575600;-0.091970;188.179993;,
   17.598301;-18.129997;187.546997;,
   19.618200;-25.643400;193.686996;,
   23.890200;-27.304399;196.528000;,
   28.034401;-26.981501;195.832993;,
   32.812698;-26.313200;188.981003;,
   43.643299;-24.068197;188.207001;,
   15.325400;-24.823500;180.585007;,
   19.288099;-32.900799;190.182999;,
   23.782400;-29.098701;192.632996;,
   27.450100;-28.931700;192.158997;,
   28.834400;-34.467400;189.020996;,
   37.302898;-30.719700;185.505005;,
   8.939440;-30.987700;178.197006;,
   15.880400;-34.570202;179.914993;,
   20.322001;-34.840599;186.996002;,
   8.451440;-31.765902;174.550003;,
   15.935200;-35.993401;173.485001;,
   21.027201;-39.031101;176.320007;,
   21.181902;-38.677299;179.863007;,
   19.984100;-38.584301;168.272003;,
   22.890100;-39.820801;174.035004;,
   23.622700;-38.071899;174.240005;,
   22.355600;-36.770401;176.005997;,
   22.463499;-36.515202;178.660995;,
   26.584299;-39.990204;173.126007;,
   26.646797;-39.559399;173.475006;,
   25.069000;-40.114498;175.707001;,
   23.642700;-39.026600;178.865997;,
   24.345301;-37.130699;180.809006;,
   32.473900;-40.253899;171.712006;,
   31.167803;-38.749401;174.007004;,
   30.724098;-38.921200;174.376999;,
   28.477802;-40.310699;177.151993;,
   27.025902;-39.453701;180.169006;,
   32.080799;-37.235600;174.242996;,
   31.348900;-38.223000;176.320999;,
   30.203600;-38.131199;178.701996;,
   29.213398;-37.599300;180.503998;,
   26.897299;-37.476101;181.395996;,
   35.418301;-37.099201;176.503006;,
   32.724998;-36.552700;175.632004;,
   31.489599;-40.777000;176.776993;,
   31.090500;-40.923901;180.270004;,
   29.570400;-39.653900;182.554993;,
   42.849499;-35.167500;179.468994;,
   39.277302;-35.379101;179.910004;,
   36.952599;-39.082298;180.917007;,
   33.752800;-41.380402;178.311996;,
   53.473000;-26.523800;180.744995;,
   35.174301;-36.338799;186.007004;,
   58.472603;-14.018501;181.054001;,
   58.128300;-0.512870;180.942001;,
   51.943501;10.267400;179.123001;,
   44.615898;10.119600;186.253998;,
   52.667702;12.549900;171.009995;,
   46.151001;14.344699;176.188004;,
   48.461300;12.079900;179.356995;,
   47.578701;15.662899;181.037003;,
   43.090900;14.322299;186.330002;,
   43.311901;15.244800;174.261993;,
   43.687599;19.069401;175.837006;,
   46.553699;18.280800;178.175995;,
   42.627102;15.989101;173.042999;,
   42.311501;17.052799;175.082001;,
   41.218700;16.962000;178.298996;,
   43.186298;19.369400;179.744003;,
   40.859798;18.874800;181.789001;,
   41.950199;18.438997;172.834000;,
   41.650002;17.643400;173.044006;,
   41.245804;19.282700;175.156998;,
   38.317001;19.308399;172.397995;,
   38.409199;20.739799;173.960999;,
   38.072701;20.444000;176.834000;,
   40.569302;18.820700;178.820007;,
   35.409698;19.327101;172.815002;,
   35.118999;20.749302;174.744003;,
   34.607300;20.134800;177.955002;,
   37.512596;19.571699;179.766006;,
   39.698700;17.212500;179.938995;,
   33.630699;18.797600;174.550003;,
   33.382702;18.530399;177.173004;,
   26.940302;-38.983501;183.421005;,
   23.682400;-38.675999;182.589005;,
   101.252998;13.410700;119.160995;,
   98.747002;13.410700;119.160995;,
   100.000000;15.103899;120.650993;,
   100.000000;16.029100;117.087006;,
   98.989403;-9.494980;139.522003;,
   101.011002;-9.494980;139.522003;,
   100.000000;-11.169500;140.044998;,
   100.000000;-11.530599;137.035004;,
   98.747803;8.853010;175.158005;,
   101.251999;8.853010;175.158005;,
   100.000000;10.858499;173.970993;,
   100.000000;10.993600;176.731995;,
   95.003403;8.726700;174.576996;,
   98.747803;8.853010;175.158005;,
   100.000000;10.858499;173.970993;,
   100.000000;11.475500;186.578003;,
   100.000000;10.993600;176.731995;,
   104.997002;8.726700;174.576996;,
   101.251999;8.853010;175.158005;,
   100.000000;10.376701;164.126007;,
   95.003403;8.060460;154.675003;,
   95.003403;0.000032;154.675003;,
   95.003403;0.000032;194.479004;,
   95.003403;9.393000;194.479004;,
   104.997002;8.060460;154.675003;,
   100.000000;10.585400;144.914993;,
   95.003403;9.131719;132.123001;,
   95.003403;0.000020;132.123001;,
   104.997002;0.000032;154.675003;,
   104.997002;0.000020;132.123001;,
   104.997002;9.131719;132.123001;,
   100.000000;12.114801;132.164001;,
   104.997002;0.000032;194.479004;,
   104.997002;-8.060380;154.675003;,
   104.997002;-8.596040;140.296997;,
   104.997002;9.393000;194.479004;,
   104.997002;10.356800;212.483002;,
   104.997002;0.000044;236.039993;,
   104.997002;-10.356700;212.483002;,
   104.997002;-9.392919;194.479004;,
   100.000000;13.894701;201.725998;,
   100.000000;16.994499;213.598999;,
   100.000000;0.000044;244.807007;,
   100.000000;-16.994400;213.598999;,
   100.000000;-13.894600;201.725998;,
   95.003403;10.356800;212.483002;,
   95.003403;0.000044;236.039993;,
   95.003403;-10.356700;212.483002;,
   95.003403;-9.392919;194.479004;,
   100.000000;-11.475400;186.578003;,
   95.003403;-8.060380;154.675003;,
   100.000000;-10.376600;164.126007;,
   100.000000;-10.585400;144.914993;,
   95.003403;-8.596040;140.296997;,
   95.003403;-9.131690;132.123001;,
   98.989403;-9.494980;139.522003;,
   100.000000;-11.169500;140.044998;,
   101.011002;-9.494980;139.522003;,
   95.003403;-1.824240;105.912003;,
   95.003403;-11.500500;107.950005;,
   100.000000;-12.114700;132.164001;,
   100.000000;-11.530599;137.035004;,
   95.003403;0.000020;105.638000;,
   95.003403;-2.048030;96.326103;,
   92.669998;-2.728020;100.199997;,
   95.003403;-9.890470;96.769203;,
   95.003403;1.824260;105.912003;,
   95.003403;2.048070;96.326103;,
   95.003403;0.000020;96.292297;,
   95.003403;10.316100;120.036003;,
   95.003403;11.500500;107.950005;,
   95.003403;9.890510;96.769203;,
   92.669998;2.728040;100.199997;,
   98.747002;13.410700;119.160995;,
   100.000000;16.029100;117.087006;,
   100.000000;19.018200;105.573997;,
   100.000000;19.445299;101.915001;,
   100.000000;15.103899;120.650993;,
   101.252998;13.410700;119.160995;,
   104.997002;10.316100;120.036003;,
   104.997002;11.500500;107.950005;,
   104.997002;9.890510;96.769203;,
   100.000000;14.951499;85.232697;,
   104.997002;1.824260;105.912003;,
   107.330002;2.728040;100.199997;,
   107.720001;7.311160;93.920700;,
   103.875999;12.597000;90.061401;,
   104.997002;0.000020;105.638000;,
   104.997002;2.048070;96.326103;,
   105.514000;5.158860;91.918198;,
   108.177994;9.916340;87.471199;,
   104.997002;-1.824240;105.912003;,
   104.997002;-2.048030;96.326103;,
   104.997002;0.000020;96.292297;,
   104.997002;0.000020;90.482697;,
   104.997002;-9.131690;132.123001;,
   104.997002;-11.500500;107.950005;,
   104.997002;-9.890470;96.769203;,
   107.330002;-2.728020;100.199997;,
   100.000000;-19.018200;105.573997;,
   100.000000;-19.445299;101.915001;,
   100.000000;-14.951499;85.232697;,
   103.875999;-12.596900;90.061401;,
   107.720001;-7.311120;93.920700;,
   105.514000;-5.158840;91.918198;,
   96.124298;-12.596900;90.061401;,
   96.589401;-14.843000;82.125298;,
   96.610298;-21.488100;86.370102;,
   100.000000;-25.855101;92.054298;,
   103.389999;-21.488100;86.370102;,
   103.411003;-14.843000;82.125298;,
   92.279701;-7.311130;93.920700;,
   91.821899;-9.916310;87.471199;,
   95.590202;-14.492000;82.214600;,
   94.485497;-5.158840;91.918198;,
   94.082298;-7.178120;86.199799;,
   93.684700;-7.454590;80.083702;,
   91.314003;-10.717200;79.139900;,
   95.158401;-14.322899;75.103302;,
   95.003403;0.000020;90.482697;,
   94.044197;-3.521270;89.145699;,
   93.457703;-5.955950;84.837402;,
   94.485497;5.158870;91.918198;,
   94.044197;3.521310;89.145699;,
   91.041901;0.000019;88.126099;,
   91.516701;-2.345150;87.541298;,
   92.279701;7.311170;93.920700;,
   91.821899;9.916340;87.471199;,
   94.082298;7.178130;86.199799;,
   93.457703;5.955980;84.837402;,
   91.516701;2.345170;87.541298;,
   96.124298;12.597000;90.061401;,
   95.590202;14.492000;82.214600;,
   91.314003;10.717301;79.139900;,
   93.684700;7.454620;80.083702;,
   96.589401;14.843000;82.125298;,
   95.158401;14.322899;75.103302;,
   91.034401;9.719760;71.962997;,
   93.448601;6.498150;75.363098;,
   96.610298;21.488100;86.370102;,
   96.622002;18.855101;76.246498;,
   96.498398;14.685400;74.780197;,
   94.140198;13.055700;68.747597;,
   100.000000;25.855200;92.054298;,
   100.000000;20.469200;75.403503;,
   100.000000;16.798800;72.284698;,
   96.543800;16.086800;73.748299;,
   96.325699;13.986800;68.262398;,
   103.389999;21.488100;86.370102;,
   103.377998;18.855101;76.246498;,
   103.411003;14.843000;82.125298;,
   103.501999;14.685400;74.780197;,
   103.456001;16.086800;73.748299;,
   104.410004;14.492000;82.214600;,
   104.842003;14.322899;75.103302;,
   105.860001;13.055700;68.747597;,
   103.674004;13.986800;68.262398;,
   108.686005;10.717301;79.139900;,
   108.966003;9.719750;71.962997;,
   109.182999;6.856210;66.905800;,
   105.778000;10.150700;61.363503;,
   104.778000;14.586501;66.164703;,
   106.315002;7.454620;80.083702;,
   106.551003;6.498150;75.363098;,
   106.536003;3.769600;71.471100;,
   104.997002;0.000020;65.879898;,
   106.066002;5.292290;62.715500;,
   105.917999;7.178130;86.199799;,
   106.542000;5.955960;84.837402;,
   106.774002;6.552740;80.509697;,
   106.671997;5.824270;75.828499;,
   106.362999;3.400370;71.900703;,
   105.956001;3.521310;89.145699;,
   108.483009;2.345170;87.541298;,
   109.315010;3.635100;84.474998;,
   109.879997;3.746940;80.704498;,
   109.630005;3.232660;76.673500;,
   108.958000;0.000020;88.126099;,
   110.773003;0.000019;84.762703;,
   111.244003;0.000021;80.669998;,
   110.773003;0.000019;76.970001;,
   108.839996;2.277940;73.746399;,
   105.956001;-3.521270;89.145699;,
   108.483009;-2.345120;87.541298;,
   109.315010;-3.635080;84.474998;,
   109.879997;-3.746930;80.704498;,
   105.917999;-7.178120;86.199799;,
   106.542000;-5.955960;84.837402;,
   106.774002;-6.552750;80.509697;,
   109.630005;-3.232650;76.673500;,
   108.177994;-9.916310;87.471199;,
   106.315002;-7.454590;80.083702;,
   106.671997;-5.824260;75.828499;,
   108.839996;-2.277910;73.746399;,
   108.958000;0.000020;73.541199;,
   104.410004;-14.492000;82.214600;,
   108.686005;-10.717200;79.139900;,
   106.551003;-6.498140;75.363098;,
   106.362999;-3.400370;71.900703;,
   104.997002;0.000020;70.649200;,
   104.842003;-14.322899;75.103302;,
   108.966003;-9.719730;71.962997;,
   106.536003;-3.769590;71.471100;,
   104.997002;0.000020;69.961304;,
   103.501999;-14.685400;74.780197;,
   105.860001;-13.055700;68.747597;,
   109.182999;-6.856220;66.905800;,
   103.377998;-18.855000;76.246498;,
   103.456001;-16.086800;73.748299;,
   103.674004;-13.986800;68.262398;,
   104.778000;-14.586501;66.164703;,
   105.778000;-10.150700;61.363503;,
   100.000000;-20.469101;75.403503;,
   100.000000;-16.798800;72.284698;,
   100.000000;-14.864899;68.421402;,
   96.622002;-18.855000;76.246498;,
   96.543800;-16.086800;73.748299;,
   96.325699;-13.986800;68.262398;,
   96.498398;-14.685400;74.780197;,
   94.140198;-13.055700;68.747597;,
   95.221703;-14.586501;66.164703;,
   91.034401;-9.719730;71.962997;,
   90.816498;-6.856220;66.905800;,
   94.221703;-10.150700;61.363503;,
   93.448601;-6.498140;75.363098;,
   93.464203;-3.769590;71.471100;,
   95.003403;0.000020;65.879898;,
   93.934402;-5.292280;62.715500;,
   93.328201;-5.824260;75.828499;,
   93.637100;-3.400370;71.900703;,
   95.003403;0.000020;69.961304;,
   93.225998;-6.552750;80.509697;,
   90.370201;-3.232650;76.673500;,
   91.160301;-2.277910;73.746399;,
   91.041901;0.000019;73.541199;,
   95.003403;0.000020;70.649200;,
   90.684998;-3.635080;84.474998;,
   90.120300;-3.746930;80.704498;,
   89.226700;0.000021;76.970001;,
   91.160301;2.277940;73.746399;,
   93.637100;3.400370;71.900703;,
   89.226700;0.000021;84.762703;,
   88.755501;0.000018;80.669998;,
   90.120300;3.746940;80.704498;,
   90.370201;3.232660;76.673500;,
   93.328201;5.824280;75.828499;,
   90.685097;3.635100;84.474998;,
   93.225998;6.552740;80.509697;,
   93.464203;3.769600;71.471100;,
   90.816498;6.856210;66.905800;,
   93.934402;5.292310;62.715500;,
   95.003403;0.000020;62.825806;,
   96.309700;-4.615410;61.594898;,
   94.221703;10.150700;61.363503;,
   96.309700;4.615430;61.594898;,
   95.003403;0.000020;62.227295;,
   95.221703;14.586501;66.164703;,
   96.159401;15.274499;59.047199;,
   100.000000;9.039730;59.523201;,
   100.000000;6.570830;59.907398;,
   103.690002;4.615420;61.594898;,
   100.000000;14.864899;68.421402;,
   95.949203;19.216299;69.232002;,
   96.120102;20.603100;66.930702;,
   100.000000;14.936499;57.632706;,
   104.051003;19.216299;69.232002;,
   100.000000;20.892700;72.969803;,
   100.000000;22.712999;68.959801;,
   103.879997;20.603100;66.930702;,
   103.841003;15.274499;59.047199;,
   104.997002;0.000020;62.825806;,
   104.997002;0.000020;62.227295;,
   103.690002;-4.615410;61.594898;,
   106.066002;-5.292280;62.715500;,
   100.000000;-9.039730;59.523201;,
   100.000000;-6.570820;59.907398;,
   96.159401;-15.274499;59.047199;,
   100.000000;-14.936400;57.632706;,
   96.120003;-20.603100;66.930702;,
   103.841003;-15.274499;59.047199;,
   103.879997;-20.603100;66.930702;,
   100.000000;-22.712999;68.959801;,
   95.949203;-19.216299;69.232002;,
   104.051003;-19.216299;69.232002;,
   100.000000;-20.892700;72.969803;,
   95.908501;-4.167940;17.979200;,
   93.088997;-6.876690;15.863499;,
   100.000000;-5.945100;18.065500;,
   91.292900;0.000000;16.257999;,
   95.480301;-4.566610;8.103390;,
   100.000000;-7.016240;8.345841;,
   100.000000;-10.007000;16.132999;,
   95.003403;0.000000;18.057899;,
   95.908600;4.167930;17.979200;,
   93.088997;6.876690;15.863499;,
   95.480301;4.566600;8.103390;,
   95.003403;0.000000;8.067830;,
   100.000000;0.000000;2.812960;,
   100.000000;5.945100;18.065500;,
   100.000000;10.007000;16.132999;,
   100.000000;7.016240;8.345841;,
   106.911003;6.876690;15.863499;,
   104.519997;4.566600;8.103390;,
   104.997002;0.000000;8.067830;,
   104.519997;-4.566610;8.103390;,
   100.000000;-7.016240;8.345841;,
   104.091003;4.167930;17.979200;,
   108.706993;0.000000;16.257999;,
   106.911003;-6.876690;15.863499;,
   100.000000;-10.007000;16.132999;,
   100.000000;-5.945100;18.065500;,
   104.091003;-4.167940;17.979200;,
   104.997002;0.000000;18.057899;,
   95.003403;0.000020;62.227295;,
   95.003403;0.000020;56.421799;,
   96.309700;-4.615410;61.594898;,
   96.309700;4.615430;61.594898;,
   96.231598;4.101050;56.396603;,
   95.003403;0.000020;44.713299;,
   96.231598;-4.101040;56.396603;,
   100.000000;-6.570820;59.907398;,
   100.000000;6.570830;59.907398;,
   100.000000;6.080570;56.240894;,
   96.273102;3.987700;44.675098;,
   95.003403;0.000020;32.764999;,
   96.273102;-3.987700;44.675098;,
   100.000000;-6.080560;56.240894;,
   103.767998;4.101050;56.396603;,
   103.726997;3.987700;44.675098;,
   100.000000;5.385040;44.504501;,
   96.534103;4.117950;32.856701;,
   103.690002;4.615420;61.594898;,
   104.997002;0.000020;56.421799;,
   104.997002;0.000020;44.713299;,
   104.997002;0.000020;32.764999;,
   103.466003;4.117950;32.856701;,
   100.000000;5.676330;32.681099;,
   104.997002;0.000020;62.227295;,
   103.690002;-4.615410;61.594898;,
   103.767998;-4.101040;56.396603;,
   103.726997;-3.987700;44.675098;,
   100.000000;-5.385030;44.504501;,
   103.466003;-4.117950;32.856701;,
   104.091003;-4.167940;17.979200;,
   104.997002;0.000000;18.057899;,
   104.091003;4.167930;17.979200;,
   96.533997;-4.117950;32.856701;,
   100.000000;-5.676340;32.681099;,
   100.000000;-5.945100;18.065500;,
   95.908501;-4.167940;17.979200;,
   95.003403;0.000000;18.057899;,
   95.908600;4.167930;17.979200;,
   100.000000;5.945100;18.065500;,
   -24.461599;-29.583002;157.337006;,
   -15.802400;-24.823500;180.585007;,
   -11.072900;-25.166300;173.567993;,
   -32.445000;-31.241600;152.518005;,
   -38.190800;-31.045101;150.029007;,
   -48.173302;-27.732498;150.569000;,
   -18.075300;-18.129997;187.546997;,
   -21.573700;-7.363190;189.796997;,
   -56.113899;-13.749200;151.884003;,
   -22.506599;3.086010;187.186005;,
   -52.935299;0.801590;149.632004;,
   -42.853199;7.326180;149.072006;,
   -22.902397;10.349500;180.794006;,
   -31.882603;11.227500;158.863007;,
   -24.171301;13.233200;162.093994;,
   -19.177603;12.711600;174.112000;,
   -35.259701;10.548700;155.436996;,
   -36.577801;9.553770;150.546997;,
   -48.173302;-27.732498;150.569000;,
   -38.190800;-31.045101;150.029007;,
   -46.717602;-35.859501;149.862000;,
   -38.234100;-37.069401;150.007996;,
   -48.784000;-39.225601;156.468994;,
   -57.620197;-34.483898;156.766006;,
   -55.983002;-27.363100;149.981003;,
   -56.113899;-13.749200;151.884003;,
   -32.445000;-31.241600;152.518005;,
   -30.858801;-37.319401;152.800995;,
   -36.700199;-41.719799;158.194000;,
   -38.578201;-38.820301;163.865005;,
   -47.799000;-36.476700;162.817993;,
   -24.461599;-29.583002;157.337006;,
   -21.677603;-35.765499;158.535004;,
   -27.021502;-41.260201;166.632996;,
   -32.686699;-39.809101;168.242996;,
   -34.332199;-38.273701;172.031998;,
   -44.183701;-37.075500;171.281006;,
   -11.072900;-25.166300;173.567993;,
   -8.928460;-31.765902;174.550003;,
   -20.461100;-38.584301;168.272003;,
   -27.061298;-39.990204;173.126007;,
   -32.950901;-40.253899;171.712006;,
   -9.416450;-30.987700;178.197006;,
   -16.357403;-34.570202;179.914993;,
   -16.412203;-35.993401;173.485001;,
   -23.367100;-39.820801;174.035004;,
   -15.802400;-24.823500;180.585007;,
   -19.765100;-32.900799;190.182999;,
   -20.799000;-34.840599;186.996002;,
   -29.311398;-34.467400;189.020996;,
   -27.417299;-38.983501;183.421005;,
   -24.159403;-38.675999;182.589005;,
   -20.095200;-25.643400;193.686996;,
   -24.259399;-29.098701;192.632996;,
   -18.075300;-18.129997;187.546997;,
   -25.648197;-19.537203;201.292007;,
   -24.367203;-27.304399;196.528000;,
   -28.511402;-26.981501;195.832993;,
   -27.927101;-28.931700;192.158997;,
   -21.573700;-7.363190;189.796997;,
   -26.699800;-13.704600;203.367996;,
   -32.272999;-14.457901;202.179001;,
   -30.259199;-21.183500;199.878998;,
   -35.408401;-21.213900;193.201004;,
   -33.289700;-26.313200;188.981003;,
   -28.737200;-4.296010;203.839005;,
   -34.065899;-5.317510;202.171005;,
   -37.129200;-10.108700;195.675995;,
   -30.475101;3.015570;200.412994;,
   -34.996601;1.766260;199.604996;,
   -38.889400;0.879860;194.014008;,
   -47.864399;-12.216601;189.903000;,
   -44.120300;-24.068197;188.207001;,
   -22.506599;3.086010;187.186005;,
   -28.097698;10.597600;192.447006;,
   -32.497898;8.743040;196.757004;,
   -35.294601;7.392190;195.438995;,
   -38.422100;8.362001;189.541000;,
   -48.052601;-0.091970;188.179993;,
   -22.902397;10.349500;180.794006;,
   -29.582701;16.743702;190.412003;,
   -32.425499;10.892600;191.712997;,
   -34.960899;9.313690;190.509995;,
   -20.685900;18.562901;178.893005;,
   -30.379402;18.611401;184.931000;,
   -36.250000;16.361000;188.087006;,
   -43.567902;14.322299;186.330002;,
   -45.092899;10.119600;186.253998;,
   -19.177603;12.711600;174.112000;,
   -19.757900;18.982700;175.968994;,
   -27.490898;19.619101;178.442001;,
   -35.025299;20.654200;180.656998;,
   -37.879299;19.835501;182.283997;,
   -41.336800;18.874800;181.789001;,
   -23.277201;20.242001;165.365997;,
   -27.902700;20.578501;171.591003;,
   -33.814701;21.546600;174.701996;,
   -33.444901;21.361500;177.787003;,
   -24.171301;13.233200;162.093994;,
   -26.059702;19.257698;162.115997;,
   -32.829102;21.501801;167.203995;,
   -31.819901;17.602900;159.421997;,
   -39.384701;21.011200;165.317001;,
   -39.093399;20.837999;171.781006;,
   -35.886101;21.520800;172.459000;,
   -31.882603;11.227500;158.863007;,
   -35.046600;17.117701;156.365005;,
   -48.043400;17.754997;157.822006;,
   -44.740501;16.580900;167.475006;,
   -44.115799;19.339300;170.343994;,
   -35.259701;10.548700;155.436996;,
   -37.361401;15.689701;150.981003;,
   -44.959301;13.159099;148.727005;,
   -54.128601;8.523320;148.632004;,
   -57.483105;11.758000;155.878998;,
   -50.024700;14.938800;163.195999;,
