xof 0303txt 0032
template VertexDuplicationIndices {
 <b8d65549-d7c9-4995-89cf-53a9a8b031e3>
 DWORD nIndices;
 DWORD nOriginalVertices;
 array DWORD indices[nIndices];
}

template EffectParamDWord {
 <e13963bc-ae51-4c5d-b00f-cfa3a9d97ce5>
 STRING ParamName;
 DWORD Value;
}

template FVFData {
 <b6e70a0e-8ef9-4e83-94ad-ecc8b0c04897>
 DWORD dwFVF;
 DWORD nDWords;
 array DWORD data[nDWords];
}

template EffectFloats {
 <f1cfe2b3-0de3-4e28-afa1-155a750a282d>
 DWORD nFloats;
 array FLOAT Floats[nFloats];
}

template EffectString {
 <d55b097e-bdb6-4c52-b03d-6051c89d0e42>
 STRING Value;
}

template EffectDWord {
 <622c0ed0-956e-4da9-908a-2af94f3ce716>
 DWORD Value;
}

template EffectInstance {
 <e331f7e4-0559-4cc2-8e99-1cec1657928f>
 STRING EffectFilename;
 [...]
}

template AnimTicksPerSecond {
 <9e415a43-7ba6-4a73-8743-b73d47e88476>
 DWORD AnimTicksPerSecond;
}

template VertexElement {
 <f752461c-1e23-48f6-b9f8-8350850f336f>
 DWORD Type;
 DWORD Method;
 DWORD Usage;
 DWORD UsageIndex;
}

template DeclData {
 <bf22e553-292c-4781-9fea-62bd554bdd93>
 DWORD nElements;
 array VertexElement Elements[nElements];
 DWORD nDWords;
 array DWORD data[nDWords];
}

template EffectParamFloats {
 <3014b9a0-62f5-478c-9b86-e4ac9f4e418b>
 STRING ParamName;
 DWORD nFloats;
 array FLOAT Floats[nFloats];
}

template EffectParamString {
 <1dbc4c88-94c1-46ee-9076-2c28818c9481>
 STRING ParamName;
 STRING Value;
}


AnimTicksPerSecond {
 4800;
}

Frame {
 

 FrameTransformMatrix {
  1.000000,0.000000,0.000000,0.000000,0.000000,1.000000,0.000000,0.000000,0.000000,0.000000,1.000000,0.000000,0.000000,0.000000,0.000000,1.000000;;
 }

 Frame Armature {
  

  FrameTransformMatrix {
   39.370079,0.000000,-0.000000,0.000000,-0.000000,0.000002,-39.370075,0.000000,0.000000,39.370075,0.000002,0.000000,0.000000,0.000000,0.000000,1.000000;;
  }

  Frame shield {
   

   FrameTransformMatrix {
    0.489399,-0.854140,0.175879,0.000000,0.852274,0.425749,-0.303918,0.000000,0.184708,0.298634,0.936323,0.000000,-34.658028,6.851325,111.604378,1.000000;;
   }

   Frame r_shield {
    

    FrameTransformMatrix {
     0.000000,0.999999,0.000000,0.000000,0.866025,0.000000,-0.500000,0.000000,-0.500000,0.000000,-0.866025,0.000000,-28.361094,4.984854,-6.557182,1.000000;;
    }
   }

   Frame l_shield {
    

    FrameTransformMatrix {
     0.000000,1.000000,0.000000,0.000000,0.866025,0.000000,0.500000,0.000000,0.500000,0.000000,-0.866025,0.000000,28.286694,1.667503,-6.886398,1.000000;;
    }
   }
  }

  Frame Root {
   

   FrameTransformMatrix {
    -0.910543,-0.407107,0.071942,0.000000,0.411695,-0.877069,0.247500,0.000000,-0.037661,0.254978,0.966213,0.000000,6.891346,17.820656,83.858772,1.000000;;
   }

   Frame spine {
    

    FrameTransformMatrix {
     0.990091,0.083426,-0.112960,0.000000,-0.078567,0.995809,0.046809,0.000000,0.116391,-0.037470,0.992496,0.000000,-0.108412,-1.108402,7.877489,1.000000;;
    }

    Frame chest {
     

     FrameTransformMatrix {
      0.952117,0.297428,0.070782,0.000000,-0.305387,0.914176,0.266496,0.000000,0.014556,-0.275351,0.961233,0.000000,0.000000,0.598905,8.854591,1.000000;;
     }

     Frame r_shoulder_armor {
      

      FrameTransformMatrix {
       -0.022645,0.154768,-0.987691,0.000000,-0.845984,0.523473,0.101423,0.000000,0.532726,0.837868,0.119078,0.000000,-8.619397,4.476430,17.210083,1.000000;;
      }
     }

     Frame r_shoulder {
      

      FrameTransformMatrix {
       0.977585,-0.016146,-0.209919,0.000000,0.017131,0.999849,0.002873,0.000000,0.209841,-0.006404,0.977714,0.000000,4.270463,-0.492868,7.497091,1.000000;;
      }

      Frame r_uparm {
       

       FrameTransformMatrix {
        0.175589,0.980398,0.089375,0.000000,0.823276,-0.196013,0.532724,0.000000,0.539801,-0.019960,-0.841556,0.000000,-14.215301,6.791311,4.648026,1.000000;;
       }

       Frame r_forearm {
        

        FrameTransformMatrix {
         0.141611,-0.095377,0.985317,0.000000,0.989922,0.013644,-0.140952,0.000000,0.000000,0.995347,0.096348,0.000000,-19.316502,-0.000038,-0.000657,1.000000;;
        }

        Frame r_hand {
         

         FrameTransformMatrix {
          0.601581,0.084843,-0.794294,0.000000,-0.790616,0.205312,-0.576865,0.000000,0.114135,0.975012,0.190590,0.000000,-21.465393,0.000001,0.000508,1.000000;;
         }

         Frame weapon {
          

          FrameTransformMatrix {
           0.839760,-0.019281,0.542613,0.000000,-0.538804,-0.152957,0.828430,0.000000,0.067023,-0.988045,-0.138836,0.000000,-8.815172,1.889277,-1.482079,1.000000;;
          }
         }

         Frame r_thumb {
          

          FrameTransformMatrix {
           0.791166,-0.136128,-0.596243,0.000000,0.444451,0.797700,0.407628,0.000000,0.420132,-0.587501,0.691614,0.000000,-6.027144,3.556925,0.169144,1.000000;;
          }

          Frame r_thumb_b {
           

           FrameTransformMatrix {
            0.418974,0.703361,0.574232,0.000000,-0.710127,0.647925,-0.275499,0.000000,-0.565835,-0.292351,0.770941,0.000000,-3.446996,0.000057,0.000060,1.000000;;
           }
          }
         }

         Frame r_finger {
          

          FrameTransformMatrix {
           0.199411,0.211316,-0.956860,0.000000,-0.964770,-0.128678,-0.229477,0.000000,-0.171619,0.968911,0.178211,0.000000,-10.437603,0.723774,-4.541550,1.000000;;
          }

          Frame r_finger_b {
           

           FrameTransformMatrix {
            0.176883,0.983511,0.037625,0.000000,-0.979614,0.179623,-0.089937,0.000000,-0.095212,-0.020950,0.995229,0.000000,-4.625267,0.000088,-0.000023,1.000000;;
           }
          }
         }
        }
       }
      }
     }

     Frame l_shoulder_armor {
      

      FrameTransformMatrix {
       0.778186,0.033130,0.627160,0.000000,-0.203626,-0.931352,0.301861,0.000000,0.594107,-0.362610,-0.718019,0.000000,12.542635,10.955848,11.543243,1.000000;;
      }
     }

     Frame l_shoulder {
      

      FrameTransformMatrix {
       0.982539,0.172743,-0.069110,0.000000,0.182989,-0.964363,0.191099,0.000000,-0.033636,-0.200409,-0.979135,0.000000,-4.270458,-0.492863,7.497098,1.000000;;
      }

      Frame l_uparm {
       

       FrameTransformMatrix {
        0.890089,0.243634,0.385207,0.000000,0.444049,-0.272963,-0.853411,0.000000,-0.102772,0.930663,-0.351147,0.000000,14.215678,-6.791057,-4.647751,1.000000;;
       }

       Frame l_gauntlet {
        

        FrameTransformMatrix {
         0.521359,-0.082247,0.849363,0.000000,0.853338,0.050197,-0.518938,0.000000,0.000045,0.995347,0.096355,0.000000,19.316494,0.000328,0.000324,1.000000;;
        }

        Frame l_gauntlet_b {
         

         FrameTransformMatrix {
          0.446810,-0.786227,-0.426857,0.000000,0.051417,0.498913,-0.865126,0.000000,0.893150,0.364599,0.263345,0.000000,21.465305,0.000033,-0.000076,1.000000;;
         }

         Frame l_gauntlet_c {
          

          FrameTransformMatrix {
           0.947386,0.137382,-0.289110,0.000000,-0.150053,0.988431,-0.022021,0.000000,0.282741,0.064244,0.957042,0.000000,6.027167,-3.556956,-0.169800,1.000000;;
          }
         }
        }
       }

       Frame l_forearm {
        

        FrameTransformMatrix {
         0.521358,-0.082246,0.849364,0.000000,0.853339,0.050199,-0.518936,0.000000,0.000043,0.995347,0.096355,0.000000,19.316494,0.000046,0.000328,1.000000;;
        }

        Frame l_hand {
         

         FrameTransformMatrix {
          0.446811,-0.786227,-0.426858,0.000000,0.051416,0.498913,-0.865125,0.000000,0.893150,0.364600,0.263345,0.000000,21.465300,-0.000003,-0.000480,1.000000;;
         }

         Frame l_thumb {
          

          FrameTransformMatrix {
           0.947373,0.137379,-0.289105,0.000000,-0.150057,0.988448,-0.022025,0.000000,0.282739,0.064248,0.957042,0.000000,6.027180,-3.556961,-0.169085,1.000000;;
          }

          Frame l_thumb_b {
           

           FrameTransformMatrix {
            0.898971,0.433679,0.061250,0.000000,-0.430209,0.900579,-0.062312,0.000000,-0.082184,0.029666,0.996173,0.000000,3.446970,-0.000023,-0.000050,1.000000;;
           }
          }
         }

         Frame l_finger {
          

          FrameTransformMatrix {
           0.957008,0.190139,-0.219052,0.000000,-0.245566,0.129158,-0.960737,0.000000,-0.154381,0.973224,0.170297,0.000000,10.437604,-0.723704,4.541601,1.000000;;
          }

          Frame l_finger_b {
           

           FrameTransformMatrix {
            0.045981,0.947570,0.316218,0.000000,-0.998861,0.039605,0.026565,0.000000,0.012648,-0.317078,0.948308,0.000000,4.625254,-0.000009,-0.000031,1.000000;;
           }
          }
         }
        }
       }
      }
     }

     Frame neck {
      

      FrameTransformMatrix {
       0.994937,-0.037754,-0.093138,0.000000,-0.000032,0.926636,-0.375959,0.000000,0.100499,0.374058,0.921944,0.000000,0.000000,4.431233,17.699306,1.000000;;
      }

      Frame head {
       

       FrameTransformMatrix {
        0.892759,-0.448301,0.044812,0.000000,0.450317,0.884808,-0.119709,0.000000,0.014015,0.127051,0.991797,0.000000,-0.000001,0.066368,7.545298,1.000000;;
       }

       Frame r_eye {
        

        FrameTransformMatrix {
         0.923218,-0.371171,0.099503,0.000000,0.372859,0.927885,0.001740,0.000000,-0.092973,0.035494,0.995036,0.000000,-2.826612,-7.008140,5.254713,1.000000;;
        }
       }

       Frame mouth {
        

        FrameTransformMatrix {
         0.999545,0.030105,-0.001596,0.000000,0.017774,-0.545710,0.837786,0.000000,0.024351,-0.837433,-0.545997,0.000000,-0.000001,-4.394679,0.727301,1.000000;;
        }
       }

       Frame l_eye {
        

        FrameTransformMatrix {
         0.923219,-0.371169,0.099503,0.000000,0.372858,0.927887,0.001740,0.000000,-0.092973,0.035494,0.995036,0.000000,2.826609,-7.008176,5.254908,1.000000;;
        }
       }

       Frame hair {
        

        FrameTransformMatrix {
         0.957719,0.233593,-0.167953,0.000000,-0.151883,-0.085294,-0.984711,0.000000,-0.244347,0.968586,-0.046208,0.000000,-0.000001,0.041384,11.959913,1.000000;;
        }

        Frame hair_b {
         

         FrameTransformMatrix {
          0.844010,-0.081671,-0.530073,0.000000,-0.076803,0.959747,-0.270162,0.000000,0.530800,0.268730,0.803763,0.000000,-0.000007,-0.000008,13.009683,1.000000;;
         }

         Frame hair_c {
          

          FrameTransformMatrix {
           0.744160,-0.640110,0.191009,0.000000,0.663487,0.675084,-0.322561,0.000000,0.077528,0.366769,0.927076,0.000000,-0.000003,-0.000013,10.523012,1.000000;;
          }

          Frame hair_d {
           

           FrameTransformMatrix {
            0.958503,-0.073361,-0.275483,0.000000,0.084763,0.995959,0.029697,0.000000,0.272191,-0.051815,0.960847,0.000000,0.000011,0.000019,17.779997,1.000000;;
           }

           Frame hair_e {
            

            FrameTransformMatrix {
             0.825460,-0.289817,0.484378,0.000000,0.429453,0.879346,-0.205721,0.000000,-0.366314,0.377832,0.850328,0.000000,-0.000005,-0.000001,11.562508,1.000000;;
            }

            Frame hair_f {
             

             FrameTransformMatrix {
              0.047287,-0.998624,-0.022640,0.000000,0.987897,0.043403,0.148916,0.000000,-0.147729,-0.029408,0.988591,0.000000,-0.000009,-0.000015,9.601848,1.000000;;
             }
            }
           }
          }
         }
        }
       }
      }
     }
    }
   }

   Frame hip {
    

    FrameTransformMatrix {
     0.987704,0.010908,-0.155955,0.000000,-0.011044,0.999939,-0.000002,0.000000,0.155945,0.001724,0.987764,0.000000,0.031715,0.023399,-1.358404,1.000000;;
    }

    Frame r_thigh {
     

     FrameTransformMatrix {
      -0.833752,0.549323,0.055637,0.000000,0.513563,0.808564,-0.287188,0.000000,-0.202745,-0.210872,-0.956256,0.000000,-8.676660,-0.051561,-9.787991,1.000000;;
     }

     Frame r_knee {
      

      FrameTransformMatrix {
       0.999758,0.012943,-0.017781,0.000000,-0.021426,0.390822,-0.920217,0.000000,-0.004962,0.920375,0.391005,0.000000,0.023141,0.000332,40.080708,1.000000;;
      }

      Frame r_foot {
       

       FrameTransformMatrix {
        0.978738,-0.204439,0.016621,0.000000,0.158013,0.803175,0.574406,0.000000,-0.130781,-0.559566,0.818402,0.000000,0.000008,0.000004,36.266998,1.000000;;
       }

       Frame r_toe {
        

        FrameTransformMatrix {
         0.247755,0.332233,-0.910077,0.000000,0.925656,-0.358450,0.121141,0.000000,-0.285970,-0.872430,-0.396341,0.000000,-0.000002,0.000846,19.192305,1.000000;;
        }
       }
      }
     }
    }

    Frame r_cloth {
     

     FrameTransformMatrix {
      0.765532,-0.559231,-0.318154,0.000000,-0.617387,-0.777667,-0.118605,0.000000,-0.181090,0.287220,-0.940591,0.000000,-12.317398,-0.624168,-3.036405,1.000000;;
     }

     Frame r_cloth_b {
      

      FrameTransformMatrix {
       0.957449,0.281036,0.065657,0.000000,-0.252191,0.925326,-0.283145,0.000000,-0.140328,0.254538,0.956827,0.000000,-0.000005,0.000002,30.026600,1.000000;;
      }

      Frame r_cloth_c {
       

       FrameTransformMatrix {
        0.956178,0.258347,-0.137772,0.000000,-0.243514,0.962973,0.115688,0.000000,0.162558,-0.077069,0.983685,0.000000,-0.000010,0.000011,27.137600,1.000000;;
       }
      }
     }
    }

    Frame l_thigh {
     

     FrameTransformMatrix {
      -0.843405,0.271533,-0.463613,0.000000,-0.522361,-0.212496,0.825823,0.000000,0.125722,0.938677,0.321059,0.000000,8.676670,-0.051559,-9.787996,1.000000;;
     }

     Frame l_knee {
      

      FrameTransformMatrix {
       0.999718,0.012739,-0.020049,0.000000,-0.022549,0.243472,-0.969646,0.000000,-0.007471,0.969824,0.243691,0.000000,-0.023189,0.000227,-40.080681,1.000000;;
      }

      Frame l_foot {
       

       FrameTransformMatrix {
        0.924077,-0.375761,0.069898,0.000000,0.237058,0.706933,0.666370,0.000000,-0.299809,-0.599207,0.742338,0.000000,0.000009,-0.000008,-36.267002,1.000000;;
       }

       Frame l_toe {
        

        FrameTransformMatrix {
         0.330605,-0.275502,-0.902661,0.000000,0.912814,0.336296,0.231682,0.000000,0.239732,-0.900557,0.362663,0.000000,-0.000012,-0.000849,-19.192307,1.000000;;
        }
       }
      }
     }
    }

    Frame l_cloth {
     

     FrameTransformMatrix {
      0.760914,0.508760,0.402707,0.000000,-0.522724,0.848346,-0.084071,0.000000,-0.384407,-0.146534,0.911460,0.000000,15.529198,0.736818,-2.871119,1.000000;;
     }

     Frame l_cloth_b {
      

      FrameTransformMatrix {
       0.992619,-0.010142,0.120853,0.000000,0.056923,0.918876,-0.390420,0.000000,-0.107089,0.394417,0.912670,0.000000,0.000008,-0.000004,-30.026606,1.000000;;
      }

      Frame l_cloth_c {
       

       FrameTransformMatrix {
        0.953580,0.080169,-0.290274,0.000000,-0.090588,0.995632,-0.022613,0.000000,0.287193,0.047858,0.956676,0.000000,0.000014,-0.000008,-27.137619,1.000000;;
       }
      }
     }
    }

    Frame f_cloth {
     

     FrameTransformMatrix {
      0.150791,0.232303,-0.960884,0.000000,0.797344,-0.603170,-0.020696,0.000000,-0.584384,-0.763034,-0.276178,0.000000,-1.456429,-10.710934,-7.335591,1.000000;;
     }

     Frame f_cloth_b {
      

      FrameTransformMatrix {
       0.753378,-0.251669,-0.607523,0.000000,0.241151,0.965238,-0.100808,0.000000,0.611775,-0.070559,0.787879,0.000000,-0.000001,0.000000,16.319798,1.000000;;
      }

      Frame f_cloth_c {
       

       FrameTransformMatrix {
        -0.746512,-0.090692,-0.659162,0.000000,-0.011559,-0.988750,0.149130,0.000000,-0.665271,0.118946,0.737066,0.000000,-0.000001,0.000001,15.725603,1.000000;;
       }
      }
     }
    }

    Frame b_cloth {
     

     FrameTransformMatrix {
      -0.127766,-0.988787,-0.077303,0.000000,-0.983264,0.136488,-0.120686,0.000000,0.129884,0.060590,-0.989676,0.000000,0.000000,10.699008,-7.775232,1.000000;;
     }

     Frame b_cloth_g {
      

      FrameTransformMatrix {
       -0.921716,0.179478,-0.343840,0.000000,0.046955,0.931610,0.360413,0.000000,0.385011,0.316054,-0.867108,0.000000,0.881635,-12.561786,25.919197,1.000000;;
      }

      Frame b_cloth_e {
       

       FrameTransformMatrix {
        0.943416,-0.154134,-0.293611,0.000000,0.204636,0.967318,0.149724,0.000000,0.260938,-0.201336,0.944127,0.000000,0.000011,0.000070,-20.375902,1.000000;;
       }
      }
     }

     Frame b_cloth_f {
      

      FrameTransformMatrix {
       0.881762,0.161997,0.443003,0.000000,-0.016932,0.949441,-0.313489,0.000000,-0.471390,0.268922,0.839924,0.000000,0.881648,12.561784,25.919201,1.000000;;
      }

      Frame b_cloth_d {
       

       FrameTransformMatrix {
        0.981757,-0.163540,-0.096995,0.000000,0.183348,0.949376,0.255085,0.000000,0.050368,-0.268216,0.962041,0.000000,-0.000002,-0.000001,20.375898,1.000000;;
       }
      }
     }

     Frame b_cloth_b {
      

      FrameTransformMatrix {
       0.899377,0.002427,0.437166,0.000000,-0.005833,0.999962,0.006448,0.000000,-0.437134,-0.008349,0.899358,0.000000,-0.609775,-0.000002,25.091291,1.000000;;
      }

      Frame b_cloth_c {
       

       FrameTransformMatrix {
        0.953925,-0.296518,-0.045863,0.000000,0.299408,0.950661,0.081226,0.000000,0.019515,-0.091216,0.995640,0.000000,0.266769,0.000006,21.563101,1.000000;;
       }
      }
     }
    }
   }
  }
 }

 Frame Model {
  

  FrameTransformMatrix {
   39.370079,0.000000,0.000003,0.000000,0.000003,-0.000006,-39.370079,0.000000,0.000000,39.370079,-0.000006,0.000000,0.000000,0.000000,0.000075,1.000000;;
  }

  Mesh Model {
   7149;
   -102.051003;9.914661;49.773499;,
   -102.459999;4.452270;35.057499;,
   -117.316010;3.750600;56.033100;,
   -111.497002;9.593600;62.287601;,
   -102.569000;2.502480;37.059898;,
   -116.170998;1.898960;56.376499;,
   -117.316010;3.750600;56.033100;,
   -102.459999;4.452270;35.057499;,
   -117.316010;3.750600;56.033100;,
   -118.424995;3.417040;73.578499;,
   -111.497002;9.593600;62.287601;,
   -112.410011;8.302620;73.935600;,
   -114.549004;8.290030;90.635101;,
   -120.815002;2.866620;90.341904;,
   -116.139992;8.160690;99.363701;,
   -123.061989;2.335020;99.179001;,
   -118.726006;8.253620;107.137001;,
   -126.607002;1.417170;107.967003;,
   -126.607002;1.417170;107.967003;,
   -123.061989;2.335020;99.179001;,
   -124.676003;-0.800340;107.894005;,
   -121.481995;0.180520;99.070000;,
   -120.815002;2.866620;90.341904;,
   -119.463997;0.819140;90.361099;,
   -117.342003;1.576030;73.766296;,
   -118.424995;3.417040;73.578499;,
   -116.170998;1.898960;56.376499;,
   -117.316010;3.750600;56.033100;,
   -118.726006;8.253620;107.137001;,
   -126.607002;1.417170;107.967003;,
   -112.214005;3.825290;123.639999;,
   -111.455002;8.814460;115.113998;,
   -112.214005;3.825290;123.639999;,
   -126.607002;1.417170;107.967003;,
   -124.676003;-0.800340;107.894005;,
   -111.692009;1.310630;123.044991;,
   -107.914993;4.241850;119.334999;,
   -112.214005;3.825290;123.639999;,
   -111.692009;1.310630;123.044991;,
   -107.585999;1.708870;118.809998;,
   -102.051003;9.914661;49.773499;,
   -92.644600;9.201660;62.194504;,
   -87.309402;3.117490;56.116302;,
   -102.459999;4.452270;35.057499;,
   -102.569000;2.502480;37.059898;,
   -102.459999;4.452270;35.057499;,
   -87.309402;3.117490;56.116302;,
   -88.602402;1.323490;56.527302;,
   -107.914993;4.241850;119.334999;,
   -107.585999;1.708870;118.809998;,
   -102.117996;4.497170;117.856003;,
   -102.037003;1.952080;117.405006;,
   -96.472099;1.899740;118.869003;,
   -96.314301;4.444730;119.359001;,
   -87.309402;3.117490;56.116302;,
   -92.644600;9.201660;62.194504;,
   -85.960297;3.069280;73.667198;,
   -91.798401;8.063380;73.871696;,
   -89.692001;8.283610;90.552200;,
   -83.404099;2.852740;90.445801;,
   -88.146599;8.319510;99.269203;,
   -81.081001;2.548420;99.301300;,
   -85.623100;8.616190;107.010002;,
   -77.444603;1.934030;108.125008;,
   -77.444603;1.934030;108.125008;,
   -79.284302;-0.324070;108.185997;,
   -81.081001;2.548420;99.301300;,
   -82.618401;0.376330;99.303299;,
   -83.404099;2.852740;90.445801;,
   -84.757500;0.807380;90.558998;,
   -87.115601;1.256280;73.929199;,
   -85.960297;3.069280;73.667198;,
   -88.602402;1.323490;56.527302;,
   -87.309402;3.117490;56.116302;,
   -92.004799;4.232520;123.684990;,
   -77.444603;1.934030;108.125008;,
   -85.623100;8.616190;107.010002;,
   -93.013199;9.116650;115.047997;,
   -92.004799;4.232520;123.684990;,
   -92.329102;1.694000;123.150002;,
   -79.284302;-0.324070;108.185997;,
   -77.444603;1.934030;108.125008;,
   -96.314301;4.444730;119.359001;,
   -96.472099;1.899740;118.869003;,
   -92.329102;1.694000;123.150002;,
   -92.004799;4.232520;123.684990;,
   -107.585999;1.708870;118.809998;,
   -111.692009;1.310630;123.044991;,
   -124.676003;-0.800340;107.894005;,
   -121.481995;0.180520;99.070000;,
   -102.084999;2.127100;99.458397;,
   -102.037003;1.952080;117.405006;,
   -96.472099;1.899740;118.869003;,
   -82.618401;0.376330;99.303299;,
   -79.284302;-0.324070;108.185997;,
   -92.329102;1.694000;123.150002;,
   -119.463997;0.819140;90.361099;,
   -102.123001;2.290940;90.744102;,
   -84.757500;0.807380;90.558998;,
   -117.342003;1.576030;73.766296;,
   -102.216003;2.550770;73.977501;,
   -87.115601;1.256280;73.929199;,
   -116.170998;1.898960;56.376499;,
   -102.569000;2.502480;37.059898;,
   -88.602402;1.323490;56.527302;,
   -111.455002;8.814460;115.113998;,
   -112.214005;3.825290;123.639999;,
   -107.914993;4.241850;119.334999;,
   -107.986992;9.034640;112.697998;,
   -102.179001;6.434310;117.415001;,
   -102.237999;9.573590;111.948990;,
   -102.228996;10.769800;107.237999;,
   -118.726006;8.253620;107.137001;,
   -111.455002;8.814460;115.113998;,
   -102.117996;4.497170;117.856003;,
   -96.314301;4.444730;119.359001;,
   -96.472702;9.188670;112.661003;,
   -85.623100;8.616190;107.010002;,
   -88.146599;8.319510;99.269203;,
   -102.172997;10.722999;99.464302;,
   -116.139992;8.160690;99.363701;,
   -93.013199;9.116650;115.047997;,
   -92.004799;4.232520;123.684990;,
   -93.013199;9.116650;115.047997;,
   -114.549004;8.290030;90.635101;,
   -102.120003;10.562300;90.744003;,
   -112.410011;8.302620;73.935600;,
   -102.057999;10.290399;73.966599;,
   -111.497002;9.593600;62.287601;,
   -102.051003;9.914661;49.773499;,
   -92.644600;9.201660;62.194504;,
   -89.692001;8.283610;90.552200;,
   -91.798401;8.063380;73.871696;,
   -126.054001;3.871920;129.983994;,
   -126.543999;4.927610;131.737000;,
   -135.957993;2.226150;130.024994;,
   -116.127998;4.625950;129.839005;,
   -116.703003;6.820040;134.031998;,
   -112.563011;7.379460;131.983994;,
   -112.350006;6.204060;129.770996;,
   -106.842003;7.891460;129.630997;,
   -112.350006;6.204060;129.770996;,
   -112.652008;7.399950;127.588989;,
   -106.842003;7.891460;129.630997;,
   -116.127998;4.625950;129.839005;,
   -116.839996;6.873590;125.722000;,
   -126.571991;4.966380;128.285995;,
   -126.054001;3.871920;129.983994;,
   -135.957993;2.226150;130.024994;,
   -112.652008;7.399950;127.588989;,
   -112.864998;8.575430;129.802994;,
   -106.842003;7.891460;129.630997;,
   -117.413002;9.068030;129.914993;,
   -116.839996;6.873590;125.722000;,
   -126.571991;4.966380;128.285995;,
   -127.060989;6.022130;130.039001;,
   -135.957993;2.226150;130.024994;,
   -112.864998;8.575430;129.802994;,
   -112.563011;7.379460;131.983994;,
   -106.842003;7.891460;129.630997;,
   -117.413002;9.068030;129.914993;,
   -116.703003;6.820040;134.031998;,
   -126.543999;4.927610;131.737000;,
   -127.060989;6.022130;130.039001;,
   -135.957993;2.226150;130.024994;,
   -118.959999;5.167070;146.177994;,
   -118.033997;6.482560;147.397995;,
   -126.281998;4.708370;152.968994;,
   -111.839996;5.113160;139.341995;,
   -109.120003;7.660100;142.229996;,
   -107.704002;7.796270;138.016006;,
   -109.207001;6.475270;136.496002;,
   -105.396004;7.962710;132.563004;,
   -109.207001;6.475270;136.496002;,
   -111.107010;7.515170;134.998001;,
   -105.396004;7.962710;132.563004;,
   -111.839996;5.113160;139.341995;,
   -115.519997;6.970400;136.505005;,
   -118.959999;5.167070;146.177994;,
   -120.644989;6.039280;145.000000;,
   -126.281998;4.708370;152.968994;,
   -111.107010;7.515170;134.998001;,
   -109.611992;8.857660;136.522003;,
   -105.396004;7.962710;132.563004;,
   -112.834000;9.593500;139.404007;,
   -115.519997;6.970400;136.505005;,
   -120.644989;6.039280;145.000000;,
   -119.727005;7.367570;146.223007;,
   -126.281998;4.708370;152.968994;,
   -109.611992;8.857660;136.522003;,
   -107.704002;7.796270;138.016006;,
   -105.396004;7.962710;132.563004;,
   -112.834000;9.593500;139.404007;,
   -109.120003;7.660100;142.229996;,
   -118.033997;6.482560;147.397995;,
   -119.727005;7.367570;146.223007;,
   -126.281998;4.708370;152.968994;,
   -108.115997;6.797170;143.281998;,
   -109.287003;7.290100;142.914001;,
   -107.056000;7.480690;140.565994;,
   -108.663002;6.181670;144.869995;,
   -110.957008;7.119480;144.151001;,
   -111.264000;7.041890;150.770996;,
   -109.287003;7.290100;142.914001;,
   -108.300003;7.963840;143.294006;,
   -107.056000;7.480690;140.565994;,
   -109.048996;8.453040;144.893997;,
   -110.957008;7.119480;144.151001;,
   -111.264000;7.041890;150.770996;,
   -108.300003;7.963840;143.294006;,
   -107.125999;7.461580;143.660004;,
   -107.056000;7.480690;140.565994;,
   -109.048996;8.453040;144.893997;,
   -106.745003;7.479760;145.606995;,
   -111.264000;7.041890;150.770996;,
   -108.663002;6.181670;144.869995;,
   -106.745003;7.479760;145.606995;,
   -111.264000;7.041890;150.770996;,
   -107.125999;7.461580;143.660004;,
   -108.115997;6.797170;143.281998;,
   -107.056000;7.480690;140.565994;,
   -116.536995;5.874910;135.570999;,
   -117.181007;6.385280;134.608002;,
   -113.903000;6.848610;134.376007;,
   -117.960999;5.071010;136.279999;,
   -119.238998;6.048050;134.401993;,
   -124.242996;5.003060;138.938004;,
   -117.181007;6.385280;134.608002;,
   -116.875992;7.023550;135.591003;,
   -113.903000;6.848610;134.376007;,
   -118.682999;7.299700;136.322998;,
   -119.238998;6.048050;134.401993;,
   -124.242996;5.003060;138.938004;,
   -116.875992;7.023550;135.591003;,
   -116.231003;6.511770;136.554993;,
   -113.903000;6.848610;134.376007;,
   -118.682999;7.299700;136.322998;,
   -117.400002;6.317290;138.199997;,
   -124.242996;5.003060;138.938004;,
   -117.960999;5.071010;136.279999;,
   -117.400002;6.317290;138.199997;,
   -124.242996;5.003060;138.938004;,
   -116.231003;6.511770;136.554993;,
   -116.536995;5.874910;135.570999;,
   -113.903000;6.848610;134.376007;,
   -116.886002;5.922440;124.435997;,
   -116.688995;6.560030;123.429008;,
   -114.192001;6.881020;125.425995;,
   -118.361000;5.125760;123.874001;,
   -118.007004;6.373920;121.912994;,
   -124.783997;5.094880;121.828003;,
   -116.688995;6.560030;123.429008;,
   -117.221008;7.071740;124.456001;,
   -114.192001;6.881020;125.425995;,
   -119.073997;7.355840;123.916008;,
   -118.007004;6.373920;121.912994;,
   -124.783997;5.094880;121.828003;,
   -117.221008;7.071740;124.456001;,
   -117.418999;6.432540;125.463997;,
   -114.192001;6.881020;125.425995;,
   -119.073997;7.355840;123.916008;,
   -119.429008;6.101440;125.877007;,
   -124.783997;5.094880;121.828003;,
   -118.361000;5.125760;123.874001;,
   -119.429008;6.101440;125.877007;,
   -124.783997;5.094880;121.828003;,
   -117.418999;6.432540;125.463997;,
   -116.886002;5.922440;124.435997;,
   -114.192001;6.881020;125.425995;,
   -113.411011;10.571500;107.783997;,
   -114.044991;11.029200;108.021004;,
   -115.007004;10.944300;104.893997;,
   -113.445007;11.077400;110.303001;,
   -112.247002;10.148400;109.855003;,
   -111.553001;11.244400;112.722992;,
   -110.968002;10.741901;112.502998;,
   -109.884003;11.371200;114.744003;,
   -110.968002;10.741901;112.502998;,
   -110.561996;11.330500;112.294006;,
   -109.884003;11.371200;114.744003;,
   -111.428009;11.273600;109.429008;,
   -112.247002;10.148400;109.855003;,
   -112.982002;11.141300;107.559998;,
   -113.411011;10.571500;107.783997;,
   -115.007004;10.944300;104.893997;,
   -110.561996;11.330500;112.294006;,
   -111.148003;11.835100;112.514992;,
   -109.884003;11.371200;114.744003;,
   -111.428009;11.273600;109.429008;,
   -112.626991;12.211300;109.879005;,
   -112.982002;11.141300;107.559998;,
   -113.616997;11.601400;107.796989;,
   -115.007004;10.944300;104.893997;,
   -111.148003;11.835100;112.514992;,
   -111.553001;11.244400;112.722992;,
   -109.884003;11.371200;114.744003;,
   -112.626991;12.211300;109.879005;,
   -113.445007;11.077400;110.303001;,
   -113.616997;11.601400;107.796989;,
   -114.044991;11.029200;108.021004;,
   -115.007004;10.944300;104.893997;,
   -109.598999;10.518900;100.735001;,
   -110.748009;11.372501;100.955002;,
   -111.059998;11.377200;95.127197;,
   -110.704994;11.355200;105.170998;,
   -108.530998;9.634700;104.753998;,
   -108.473999;11.489300;110.094002;,
   -107.410011;10.561800;109.888000;,
   -106.456001;11.585400;114.232002;,
   -107.410011;10.561800;109.888000;,
   -106.553001;11.594800;109.695000;,
   -106.456001;11.585400;114.232002;,
   -106.802002;11.599500;104.361000;,
   -108.530998;9.634700;104.753998;,
   -108.694000;11.513500;100.528999;,
   -109.598999;10.518900;100.735001;,
   -111.059998;11.377200;95.127197;,
   -106.553001;11.594800;109.695000;,
   -107.616997;12.530000;109.902000;,
   -106.456001;11.585400;114.232002;,
   -106.802002;11.599500;104.361000;,
   -108.977997;13.351800;104.781998;,
   -108.694000;11.513500;100.528999;,
   -109.844009;12.376099;100.750000;,
   -111.059998;11.377200;95.127197;,
   -107.616997;12.530000;109.902000;,
   -108.473999;11.489300;110.094002;,
   -106.456001;11.585400;114.232002;,
   -108.977997;13.351800;104.781998;,
   -110.704994;11.355200;105.170998;,
   -109.844009;12.376099;100.750000;,
   -110.748009;11.372501;100.955002;,
   -111.059998;11.377200;95.127197;,
   -77.839996;6.152190;131.688004;,
   -78.208298;5.023740;129.992996;,
   -68.140900;3.861920;130.016998;,
   -88.203003;5.295410;129.863007;,
   -87.898003;7.584650;133.987000;,
   -92.056099;7.897850;131.949005;,
   -92.125603;6.687810;129.761002;,
   -97.779800;8.107400;129.613998;,
   -91.902603;7.868170;127.552002;,
   -92.125603;6.687810;129.761002;,
   -97.779800;8.107400;129.613998;,
   -88.203003;5.295410;129.863007;,
   -87.646301;7.498760;125.675011;,
   -77.777100;6.089270;128.235992;,
   -78.208298;5.023740;129.992996;,
   -68.140900;3.861920;130.016998;,
   -91.832001;9.078640;129.740005;,
   -91.902603;7.868170;127.552002;,
   -97.779800;8.107400;129.613998;,
   -87.337196;9.789390;129.798996;,
   -87.646301;7.498760;125.675011;,
   -77.777100;6.089270;128.235992;,
   -77.408096;7.217910;129.929993;,
   -68.140900;3.861920;130.016998;,
   -92.056099;7.897850;131.949005;,
   -91.832001;9.078640;129.740005;,
   -97.779800;8.107400;129.613998;,
   -87.337196;9.789390;129.798996;,
   -87.898003;7.584650;133.987000;,
   -77.839996;6.152190;131.688004;,
   -77.408096;7.217910;129.929993;,
   -68.140900;3.861920;130.016998;,
   -86.766197;7.570770;147.356995;,
   -85.644302;6.301810;146.173996;,
   -78.399399;6.540660;152.931000;,
   -92.639801;5.686000;139.356995;,
   -95.702599;8.084180;142.207001;,
   -97.052299;8.105200;137.996994;,
   -95.381599;6.863340;136.488998;,
   -99.277199;8.119600;132.550995;,
   -93.573502;7.991010;134.968002;,
   -95.381599;6.863340;136.488998;,
   -99.277199;8.119600;132.550995;,
   -92.639801;5.686000;139.356995;,
   -89.135399;7.711030;136.462997;,
   -84.057800;7.258560;144.955002;,
   -85.644302;6.301810;146.173996;,
   -78.399399;6.540660;152.931000;,
   -95.237297;9.261230;136.479004;,
   -93.573502;7.991010;134.968002;,
   -99.277199;8.119600;132.550995;,
   -92.169098;10.210301;139.322998;,
   -89.135399;7.711030;136.462997;,
   -84.057800;7.258560;144.955002;,
   -85.172798;8.544760;146.139008;,
   -78.399399;6.540660;152.931000;,
   -97.052299;8.105200;137.996994;,
   -95.237297;9.261230;136.479004;,
   -99.277199;8.119600;132.550995;,
   -92.169098;10.210301;139.322998;,
   -95.702599;8.084180;142.207001;,
   -86.766197;7.570770;147.356995;,
   -85.172798;8.544760;146.139008;,
   -78.399399;6.540660;152.931000;,
   -95.503700;7.731580;142.895996;,
   -96.616203;7.168140;143.274002;,
   -97.707802;7.766550;140.552994;,
   -96.019897;6.601950;144.867996;,
   -93.840897;7.680780;144.130005;,
   -93.656097;7.691360;150.750000;,
   -96.579002;8.341970;143.270996;,
   -95.503700;7.731580;142.895996;,
   -97.707802;7.766550;140.552994;,
   -95.928497;8.889270;144.862000;,
   -93.840897;7.680780;144.130005;,
   -93.656097;7.691360;150.750000;,
   -97.692596;7.768080;143.647003;,
   -96.579002;8.341970;143.270996;,
   -97.707802;7.766550;140.552994;,
   -95.928497;8.889270;144.862000;,
   -98.111900;7.770650;145.595993;,
   -93.656097;7.691360;150.750000;,
   -98.111900;7.770650;145.595993;,
   -96.019897;6.601950;144.867996;,
   -93.656097;7.691360;150.750000;,
   -97.692596;7.768080;143.647003;,
   -96.616203;7.168140;143.274002;,
   -97.707802;7.766550;140.552994;,
   -87.383904;7.186920;134.572998;,
   -87.986397;6.660130;135.554993;,
   -90.701797;7.469430;134.345993;,
   -86.486801;5.950620;136.283997;,
   -85.289703;6.957180;134.365997;,
   -80.240402;6.305130;138.906006;,
   -87.771896;7.824080;135.539001;,
   -87.383904;7.186920;134.572998;,
   -90.701797;7.469430;134.345993;,
   -86.010002;8.213050;136.248993;,
   -85.289703;6.957180;134.365997;,
   -80.240402;6.305130;138.906006;,
   -88.375999;7.294620;136.522003;,
   -87.771896;7.824080;135.539001;,
   -90.701797;7.469430;134.345993;,
   -86.010002;8.213050;136.248993;,
   -87.213402;7.196400;138.166000;,
   -80.240402;6.305130;138.906006;,
   -87.213402;7.196400;138.166000;,
   -86.486801;5.950620;136.283997;,
   -80.240402;6.305130;138.906006;,
   -88.375999;7.294620;136.522003;,
   -87.986397;6.660130;135.554993;,
   -90.701797;7.469430;134.345993;,
   -87.743500;7.138990;123.390999;,
   -87.505997;6.528530;124.417999;,
   -90.290199;7.388520;125.392998;,
   -85.962196;5.783080;123.875992;,
   -86.393303;6.976730;121.874001;,
   -79.514900;5.956140;121.791000;,
   -87.264900;7.689780;124.400002;,
   -87.743500;7.138990;123.390999;,
   -90.290199;7.388520;125.392998;,
   -85.426804;8.038710;123.835991;,
   -86.393303;6.976730;121.874001;,
   -79.514900;5.956140;121.791000;,
   -87.027000;7.078630;125.425995;,
   -87.264900;7.689780;124.400002;,
   -90.290199;7.388520;125.392998;,
   -85.426804;8.038710;123.835991;,
   -84.994202;6.842330;125.836990;,
   -79.514900;5.956140;121.791000;,
   -84.994202;6.842330;125.836990;,
   -85.962196;5.783080;123.875992;,
   -79.514900;5.956140;121.791000;,
   -87.027000;7.078630;125.425995;,
   -87.505997;6.528530;124.417999;,
   -90.290199;7.388520;125.392998;,
   -90.434097;11.276400;107.888000;,
   -91.046097;10.802500;107.669006;,
   -89.417099;11.162800;104.750000;,
   -91.076401;11.343099;110.176994;,
   -92.224899;10.380900;109.761993;,
   -93.021698;11.492300;112.619011;,
   -93.577003;10.972200;112.414001;,
   -94.736504;11.592800;114.657997;,
   -94.009003;11.547600;112.200996;,
   -93.577003;10.972200;112.414001;,
   -94.736504;11.592800;114.657997;,
   -93.087601;11.481600;109.324989;,
   -92.224899;10.380900;109.761993;,
   -91.494400;11.360200;107.438004;,
   -91.046097;10.802500;107.669006;,
   -89.417099;11.162800;104.750000;,
   -93.453796;12.069400;112.406006;,
   -94.009003;11.547600;112.200996;,
   -94.736504;11.592800;114.657997;,
   -93.087601;11.481600;109.324989;,
   -91.938904;12.451500;109.740990;,
   -91.494400;11.360200;107.438004;,
   -90.882202;11.836200;107.656998;,
   -89.417099;11.162800;104.750000;,
   -93.021698;11.492300;112.619011;,
   -93.453796;12.069400;112.406006;,
   -94.736504;11.592800;114.657997;,
   -91.938904;12.451500;109.740990;,
   -91.076401;11.343099;110.176994;,
   -90.882202;11.836200;107.656998;,
   -90.434097;11.276400;107.888000;,
   -89.417099;11.162800;104.750000;,
   -93.629501;11.477400;100.855003;,
   -94.755898;10.607799;100.662003;,
   -93.232300;11.422200;95.022301;,
   -93.740799;11.503100;105.072998;,
   -95.851303;9.742170;104.704002;,
   -96.064400;11.635300;110.022003;,
   -97.082397;10.682100;109.839005;,
   -98.165703;11.704100;114.184998;,
   -97.982300;11.693600;109.646004;,
   -97.082397;10.682100;109.839005;,
   -98.165703;11.704100;114.184998;,
   -97.639503;11.674900;104.307999;,
   -95.851303;9.742170;104.704002;,
   -95.681602;11.589800;100.453003;,
   -94.755898;10.607799;100.662003;,
   -93.232300;11.422200;95.022301;,
   -96.964302;12.654000;109.830002;,
   -97.982300;11.693600;109.646004;,
   -98.165703;11.704100;114.184998;,
   -97.639503;11.674900;104.307999;,
   -95.527901;13.465901;104.681000;,
   -95.681602;11.589800;100.453003;,
   -94.554901;12.467700;100.647003;,
   -93.232300;11.422200;95.022301;,
   -96.064400;11.635300;110.022003;,
   -96.964302;12.654000;109.830002;,
   -98.165703;11.704100;114.184998;,
   -95.527901;13.465901;104.681000;,
   -93.740799;11.503100;105.072998;,
   -94.554901;12.467700;100.647003;,
   -93.629501;11.477400;100.855003;,
   -93.232300;11.422200;95.022301;,
   -104.477997;7.942620;152.477997;,
   -102.503998;6.897410;152.470993;,
   -102.698997;7.999680;161.934998;,
   -102.348000;5.789590;143.009995;,
   -106.998001;7.824020;143.016998;,
   -104.832001;7.969740;139.076004;,
   -102.384003;6.866090;139.070007;,
   -102.406998;8.076720;133.660995;,
   -100.073997;8.113240;139.067993;,
   -102.384003;6.866090;139.070007;,
   -102.406998;8.076720;133.660995;,
   -102.348000;5.789590;143.009995;,
   -97.973396;8.118130;143.001999;,
   -100.696999;8.087940;152.472000;,
   -102.503998;6.897410;152.470993;,
   -102.698997;7.999680;161.934998;,
   -102.525002;9.264090;139.078995;,
   -100.073997;8.113240;139.067993;,
   -102.406998;8.076720;133.660995;,
   -102.635002;10.321800;143.029007;,
   -97.973396;8.118130;143.001999;,
   -100.696999;8.087940;152.472000;,
   -102.674004;9.162579;152.483002;,
   -102.698997;7.999680;161.934998;,
   -104.832001;7.969740;139.076004;,
   -102.525002;9.264090;139.078995;,
   -102.406998;8.076720;133.660995;,
   -102.635002;10.321800;143.029007;,
   -106.998001;7.824020;143.016998;,
   -104.477997;7.942620;152.477997;,
   -102.674004;9.162579;152.483002;,
   -102.698997;7.999680;161.934998;,
   -100.820999;12.312500;97.853500;,
   -102.106003;11.180200;97.862198;,
   -102.059998;12.315200;90.857597;,
   -99.700500;12.304800;102.866997;,
   -102.126999;10.044000;102.884003;,
   -101.008003;12.315200;109.277008;,
   -102.192001;11.108100;109.282997;,
   -102.273003;12.302800;114.700989;,
   -103.426003;12.289100;109.291992;,
   -102.192001;11.108100;109.282997;,
   -102.273003;12.302800;114.700989;,
   -102.126999;10.044000;102.884003;,
   -104.612999;12.271200;102.899002;,
   -103.405998;12.302800;97.870499;,
   -102.106003;11.180200;97.862198;,
   -102.059998;12.315200;90.857597;,
   -102.241997;13.507901;109.287003;,
   -103.426003;12.289100;109.291992;,
   -102.273003;12.302800;114.700989;,
   -102.186996;14.580699;102.888000;,
   -104.612999;12.271200;102.899002;,
   -103.405998;12.302800;97.870499;,
   -102.122002;13.448600;97.863297;,
   -102.059998;12.315200;90.857597;,
   -101.008003;12.315200;109.277008;,
   -102.241997;13.507901;109.287003;,
   -102.273003;12.302800;114.700989;,
   -102.186996;14.580699;102.888000;,
   -99.700500;12.304800;102.866997;,
   -102.122002;13.448600;97.863297;,
   -100.820999;12.312500;97.853500;,
   -102.059998;12.315200;90.857597;,
   -110.964989;4.521590;143.992996;,
   -117.136002;3.730740;137.720993;,
   -116.720001;1.042880;137.917999;,
   -110.647003;1.838520;144.397995;,
   -116.720001;1.042880;137.917999;,
   -117.136002;3.730740;137.720993;,
   -118.791000;0.767440;129.169998;,
   -119.231003;3.456110;129.235992;,
   -116.839005;3.936110;120.839996;,
   -116.463005;1.251420;120.527000;,
   -116.463005;1.251420;120.527000;,
   -116.839005;3.936110;120.839996;,
   -110.607002;4.741680;114.748009;,
   -110.367996;2.060810;114.271004;,
   -110.367996;2.060810;114.271004;,
