xof 0303txt 0032
template VertexDuplicationIndices {
 <b8d65549-d7c9-4995-89cf-53a9a8b031e3>
 DWORD nIndices;
 DWORD nOriginalVertices;
 array DWORD indices[nIndices];
}

template EffectParamDWord {
 <e13963bc-ae51-4c5d-b00f-cfa3a9d97ce5>
 STRING ParamName;
 DWORD Value;
}

template FVFData {
 <b6e70a0e-8ef9-4e83-94ad-ecc8b0c04897>
 DWORD dwFVF;
 DWORD nDWords;
 array DWORD data[nDWords];
}

template EffectFloats {
 <f1cfe2b3-0de3-4e28-afa1-155a750a282d>
 DWORD nFloats;
 array FLOAT Floats[nFloats];
}

template EffectString {
 <d55b097e-bdb6-4c52-b03d-6051c89d0e42>
 STRING Value;
}

template EffectDWord {
 <622c0ed0-956e-4da9-908a-2af94f3ce716>
 DWORD Value;
}

template EffectInstance {
 <e331f7e4-0559-4cc2-8e99-1cec1657928f>
 STRING EffectFilename;
 [...]
}

template AnimTicksPerSecond {
 <9e415a43-7ba6-4a73-8743-b73d47e88476>
 DWORD AnimTicksPerSecond;
}

template VertexElement {
 <f752461c-1e23-48f6-b9f8-8350850f336f>
 DWORD Type;
 DWORD Method;
 DWORD Usage;
 DWORD UsageIndex;
}

template DeclData {
 <bf22e553-292c-4781-9fea-62bd554bdd93>
 DWORD nElements;
 array VertexElement Elements[nElements];
 DWORD nDWords;
 array DWORD data[nDWords];
}

template EffectParamFloats {
 <3014b9a0-62f5-478c-9b86-e4ac9f4e418b>
 STRING ParamName;
 DWORD nFloats;
 array FLOAT Floats[nFloats];
}

template EffectParamString {
 <1dbc4c88-94c1-46ee-9076-2c28818c9481>
 STRING ParamName;
 STRING Value;
}


AnimTicksPerSecond {
 4800;
}

Frame {
 

 FrameTransformMatrix {
  1.000000,0.000000,0.000000,0.000000,0.000000,1.000000,0.000000,0.000000,0.000000,0.000000,1.000000,0.000000,0.000000,0.000000,0.000000,1.000000;;
 }

 Frame Armature {
  

  FrameTransformMatrix {
   39.370079,0.000000,-0.000000,0.000000,-0.000000,0.000002,-39.370075,0.000000,0.000000,39.370075,0.000002,0.000000,0.000000,0.000000,0.000000,1.000000;;
  }

  Frame Root {
   

   FrameTransformMatrix {
    0.993189,0.109743,0.039155,0.000000,-0.109290,0.993918,-0.013533,0.000000,-0.040402,0.009162,0.999142,0.000000,-3.159944,4.815543,89.898476,1.000000;;
   }

   Frame L_Side {
    

    FrameTransformMatrix {
     0.999708,0.000087,0.024171,0.000000,-0.000087,1.000000,0.000000,0.000000,-0.024171,-0.000002,0.999708,0.000000,-37.047676,-5.259800,-4.308652,1.000000;;
    }

    Frame L_RoboArm {
     

     FrameTransformMatrix {
      0.998438,0.003385,0.055776,0.000000,-0.006017,0.998873,0.047086,0.000000,-0.055554,-0.047348,0.997332,0.000000,-28.763371,-28.532494,25.320173,1.000000;;
     }

     Frame L_RoboFirst {
      

      FrameTransformMatrix {
       1.000000,0.000086,0.000000,0.000000,-0.000086,1.000000,0.000000,0.000000,0.000000,0.000000,1.000001,0.000000,-9.218593,58.729202,-4.068909,1.000000;;
      }
     }
    }
   }

   Frame R_Side {
    

    FrameTransformMatrix {
     0.995695,-0.033284,0.086510,0.000000,-0.033368,-0.999443,-0.000470,0.000000,0.086478,-0.002419,-0.996251,0.000000,36.507229,-5.042796,-5.156381,1.000000;;
    }

    Frame R_RoboArm {
     

     FrameTransformMatrix {
      0.984326,0.158735,-0.076850,0.000000,-0.158251,0.987321,0.012380,0.000000,0.077841,-0.000025,0.996966,0.000000,34.738422,11.576806,-14.750848,1.000000;;
     }
    }
   }

   Frame L_Handle {
    

    FrameTransformMatrix {
     0.292898,0.322891,-0.899973,0.000000,-0.890976,-0.249374,-0.379440,0.000000,-0.346948,0.912992,0.214647,0.000000,-6.555820,30.334198,17.496685,1.000000;;
    }
   }

   Frame R_Handle {
    

    FrameTransformMatrix {
     0.009877,-0.473936,0.880504,0.000000,-0.995525,-0.087415,-0.035885,0.000000,0.093977,-0.876210,-0.472678,0.000000,8.241256,30.235729,17.496786,1.000000;;
    }
   }

   Frame Root_Minion {
    

    FrameTransformMatrix {
     -1.000000,0.000086,0.000000,0.000000,-0.000086,-1.000000,-0.000000,0.000000,-0.000000,0.000000,1.000000,0.000000,0.000000,-0.560390,8.157982,1.000000;;
    }

    Frame Spine1 {
     

     FrameTransformMatrix {
      0.966813,0.255486,0.000000,0.000000,-0.255486,0.966813,0.000000,0.000000,0.000000,0.000000,1.000000,0.000000,0.000000,-0.389019,12.098497,1.000000;;
     }

     Frame R_Clavicle {
      

      FrameTransformMatrix {
       0.280287,0.959908,-0.000612,0.000000,0.959915,-0.280290,-0.001230,0.000000,-0.001353,-0.000243,-1.000008,0.000000,-3.965464,-3.099975,7.790301,1.000000;;
      }

      Frame R_Shoulder {
       

       FrameTransformMatrix {
        -0.661078,-0.029351,0.749743,0.000000,0.737027,-0.212640,0.641541,0.000000,0.140595,0.976690,0.162204,0.000000,2.525378,-6.758966,0.980998,1.000000;;
       }

       Frame R_Elbow {
        

        FrameTransformMatrix {
         0.270238,-0.962723,-0.011612,0.000000,0.943173,0.267135,-0.197645,0.000000,0.193380,0.042459,0.980205,0.000000,11.999816,-0.000035,-0.000252,1.000000;;
        }

        Frame R_Hand {
         

         FrameTransformMatrix {
          0.980484,-0.156704,-0.118720,0.000000,0.183673,0.945482,0.268939,0.000000,0.070104,-0.285496,0.955812,0.000000,12.499863,-0.000493,-0.000265,1.000000;;
         }
        }
       }
      }
     }

     Frame Cape1 {
      

      FrameTransformMatrix {
       -0.350399,-0.934596,0.061240,0.000000,0.936440,-0.348383,0.041330,0.000000,-0.017292,0.071829,0.997267,0.000000,0.000000,9.406351,12.368401,1.000000;;
      }

      Frame Cape2 {
       

       FrameTransformMatrix {
        0.990067,-0.033393,-0.136574,0.000000,0.033156,0.999442,-0.004017,0.000000,0.136632,-0.000551,0.990622,0.000000,-17.415218,0.000000,0.000000,1.000000;;
       }

       Frame Cape3 {
        

        FrameTransformMatrix {
         0.958432,0.021439,-0.284515,0.000000,0.052783,0.966639,0.250645,0.000000,0.280396,-0.255244,0.925326,0.000000,-20.632933,0.000000,-0.000009,1.000000;;
        }

        Frame L_Cape4 {
         

         FrameTransformMatrix {
          -0.824401,0.320688,-0.466391,0.000000,0.333003,0.941110,0.058480,0.000000,0.457679,-0.107098,-0.882643,0.000000,-1.514965,14.467275,-0.328557,1.000000;;
         }
        }

        Frame R_Cape4 {
         

         FrameTransformMatrix {
          0.873715,0.448057,0.189384,0.000000,-0.437905,0.894005,-0.094840,0.000000,-0.211804,-0.000069,0.977313,0.000000,0.320334,-14.529173,0.069075,1.000000;;
         }
        }
       }
      }
     }

     Frame C_Buffbone_Glb_Chest_Loc {
      

      FrameTransformMatrix {
       1.000000,0.000086,0.000000,0.000000,-0.000086,1.000000,0.000000,0.000000,0.000000,0.000000,1.000000,0.000000,-0.010000,-0.000002,-0.000002,1.000000;;
      }
     }

     Frame L_Clavicle {
      

      FrameTransformMatrix {
       1.000000,0.000086,0.000000,0.000000,-0.000086,1.000000,0.000000,0.000000,0.000000,0.000000,1.000000,0.000000,3.965630,-3.099894,7.790493,1.000000;;
      }

      Frame L_Shoulder {
       

       FrameTransformMatrix {
        0.061988,0.919571,0.388003,0.000000,-0.761951,-0.207495,0.613495,0.000000,0.644661,-0.333669,0.687806,0.000000,5.780580,4.318098,-0.982008,1.000000;;
       }

       Frame L_Elbow {
        

        FrameTransformMatrix {
         0.743706,-0.666830,-0.047324,0.000000,0.659527,0.743439,-0.111005,0.000000,0.109204,0.051344,0.992693,0.000000,-11.999997,-0.000010,-0.000060,1.000000;;
        }

        Frame L_Hand {
         

         FrameTransformMatrix {
          0.964774,0.157281,-0.210887,0.000000,0.089734,0.556803,0.825783,0.000000,0.247303,-0.815618,0.523076,0.000000,-12.500003,0.000003,-0.000009,1.000000;;
         }
        }
       }
      }
     }

     Frame Head {
      

      FrameTransformMatrix {
       0.932400,-0.359168,0.040352,0.000000,0.354359,0.930422,0.093514,0.000000,-0.071132,-0.072893,0.994800,0.000000,-0.152225,-1.424003,19.856104,1.000000;;
      }

      Frame Hood1 {
       

       FrameTransformMatrix {
        0.000000,-0.988553,-0.150873,0.000000,1.000000,0.000000,0.000000,0.000000,0.000000,-0.150873,0.988553,0.000000,0.000000,2.919499,13.148401,1.000000;;
       }

       Frame Hood2 {
        

        FrameTransformMatrix {
         0.835258,0.110634,0.538613,0.000000,0.018378,0.973385,-0.228438,0.000000,-0.549551,0.200703,0.810994,0.000000,-14.472964,0.000000,-0.055113,1.000000;;
        }

        Frame Hood3 {
         

         FrameTransformMatrix {
          0.928825,0.002324,-0.370511,0.000000,0.018262,0.998478,0.052044,0.000000,0.370068,-0.055106,0.927369,0.000000,-14.499999,0.000000,0.000059,1.000000;;
         }
        }
       }
      }
     }
    }
   }

   Frame Pelvis {
    

    FrameTransformMatrix {
     0.999977,0.006128,-0.002962,0.000000,-0.006710,0.960503,-0.278187,0.000000,0.001141,0.278200,0.960522,0.000000,0.000000,0.000001,-23.608391,1.000000;;
    }

    Frame R_Hip {
     

     FrameTransformMatrix {
      -0.107451,-0.969135,-0.221884,0.000000,-0.993856,0.110657,-0.002035,0.000000,0.026525,0.220302,-0.975071,0.000000,27.759703,-2.725941,-8.370227,1.000000;;
     }

     Frame R_Knee {
      

      FrameTransformMatrix {
       -0.843478,-0.000090,0.537164,0.000000,-0.000106,1.000000,-0.000000,0.000000,-0.537164,-0.000057,-0.843478,0.000000,33.796303,0.000000,-0.000005,1.000000;;
      }

      Frame R_Foot {
       

       FrameTransformMatrix {
        0.969018,0.044669,-0.242917,0.000000,-0.030924,0.997713,0.060104,0.000000,0.245046,-0.050730,0.968183,0.000000,45.089111,-0.000016,0.000007,1.000000;;
       }

       Frame R_Heel {
        

        FrameTransformMatrix {
         0.189764,0.000004,-0.981830,0.000000,-0.000012,1.000000,0.000001,0.000000,0.981830,0.000011,0.189764,0.000000,-24.659552,0.000007,3.244696,1.000000;;
        }
       }
      }
     }
    }

    Frame L_Hip {
     

     FrameTransformMatrix {
      0.099098,0.692873,0.714218,0.000000,-0.994313,0.097074,0.043789,0.000000,-0.038992,-0.714496,0.698553,0.000000,-27.759697,-2.725929,-8.370185,1.000000;;
     }

     Frame L_Knee {
      

      FrameTransformMatrix {
       -0.191870,-0.000023,0.981420,0.000000,-0.000122,1.000000,-0.000000,0.000000,-0.981420,-0.000120,-0.191870,0.000000,-33.796299,0.000000,-0.000002,1.000000;;
      }

      Frame L_Foot {
       

       FrameTransformMatrix {
        0.827048,0.003544,0.562120,0.000000,0.010812,0.999695,-0.022211,0.000000,-0.562028,0.024447,0.826757,0.000000,-45.089104,0.000003,0.000019,1.000000;;
       }

       Frame L_Heel {
        

        FrameTransformMatrix {
         -0.037603,-0.000000,-0.999293,0.000000,-0.000003,1.000000,0.000000,0.000000,0.999293,0.000003,-0.037603,0.000000,22.304604,0.000015,-5.943230,1.000000;;
        }
       }
      }
     }
    }
   }
  }
 }

 Frame Model {
  

  FrameTransformMatrix {
   39.370079,-0.000000,0.000003,0.000000,0.000003,-0.000006,-39.370079,0.000000,0.000000,39.370075,-0.000006,0.000000,0.000042,-0.000020,0.000000,1.000000;;
  }

  Mesh Model {
   2922;
   96.438614;28.226107;142.220016;,
   90.833305;27.945404;143.082016;,
   96.971115;15.253402;144.042023;,
   91.367310;15.025102;144.930008;,
   96.139519;0.503190;146.088013;,
   90.532410;0.331360;146.967010;,
   88.824104;-10.897401;148.689011;,
   92.909904;-17.845102;148.968018;,
   80.501411;-11.236601;150.006012;,
   74.381805;-18.600302;151.900009;,
   77.119408;-4.024031;149.586014;,
   81.118507;-7.802391;149.465012;,
   86.132309;-3.656850;148.159012;,
   85.538811;-7.622141;148.766022;,
   96.438614;28.226107;142.220016;,
   96.971115;15.253402;144.042023;,
   95.050011;27.093103;132.816010;,
   95.430305;12.897102;134.240021;,
   94.634209;5.656900;131.643021;,
   96.139519;0.503190;146.088013;,
   93.383804;-0.505510;127.226013;,
   92.909904;-17.845102;148.968018;,
   92.119209;-3.963850;121.432014;,
   87.892906;-21.815002;118.610008;,
   90.792007;-5.767830;116.057014;,
   88.049408;-8.286471;112.728012;,
   85.970009;-19.869902;114.535011;,
   83.020607;-20.753902;86.973404;,
   84.913910;-9.181721;85.164505;,
   74.381805;-18.600302;151.900009;,
   68.401810;-22.609001;121.698013;,
   69.764809;-20.530602;117.098007;,
   67.556709;-21.383902;89.422508;,
   68.868408;-19.323202;85.740105;,
   81.460907;-18.804003;83.746605;,
   82.652008;-10.919901;82.540504;,
   71.362511;-8.026701;119.323006;,
   71.836708;-10.165601;115.451012;,
   69.310806;-11.035901;87.793411;,
   70.036705;-12.408502;84.663704;,
   64.230011;-18.379602;46.436604;,
   77.119408;-4.024031;149.586014;,
   64.895409;-11.598201;44.507103;,
   76.661705;-17.878702;44.370605;,
   77.352104;-10.130202;42.290802;,
   85.520309;-4.177000;144.159012;,
   86.132309;-3.656850;148.159012;,
   84.931206;-8.138811;144.793015;,
   85.538811;-7.622141;148.766022;,
   81.118507;-7.802391;149.465012;,
   80.510605;-8.319091;145.492020;,
   80.501411;-11.236601;150.006012;,
   79.893509;-11.753301;146.033020;,
   88.251709;-11.384001;144.948013;,
   88.824104;-10.897401;148.689011;,
   90.532410;0.331360;146.967010;,
   90.120407;1.913190;143.009018;,
   91.367310;15.025102;144.930008;,
   90.820107;15.162802;141.256012;,
   90.833305;27.945404;143.082016;,
   90.383911;27.578802;140.039017;,
   89.248108;26.802605;133.708008;,
   95.050011;27.093103;132.816010;,
   95.430305;12.897102;134.240021;,
   89.630005;12.660802;135.158020;,
   94.634209;5.656900;131.643021;,
   88.765511;5.417661;132.572021;,
   93.383804;-0.505510;127.226013;,
   87.583405;-0.742040;128.144012;,
   92.119209;-3.963850;121.432014;,
   86.319008;-4.200370;122.350014;,
   90.792007;-5.767830;116.057014;,
   81.456909;-6.881901;117.630013;,
   88.049408;-8.286471;112.728012;,
   71.836708;-10.165601;115.451012;,
   71.362511;-8.026701;119.323006;,
   85.520309;-4.177000;144.159012;,
   77.119408;-4.024031;149.586014;,
   86.132309;-3.656850;148.159012;,
   69.310806;-11.035901;87.793411;,
   84.913910;-9.181721;85.164505;,
   82.652008;-10.919901;82.540504;,
   70.036705;-12.408502;84.663704;,
   64.895409;-11.598201;44.507103;,
   77.352104;-10.130202;42.290802;,
   92.622505;25.536104;147.023010;,
   90.738609;24.998104;134.821014;,
   100.513016;24.539003;133.386017;,
   102.417015;24.736904;145.629013;,
   92.466408;29.164501;146.576019;,
   92.622505;25.536104;147.023010;,
   102.190018;29.560604;145.036011;,
   102.417015;24.736904;145.629013;,
   100.513016;24.539003;133.386017;,
   100.343018;27.990803;132.963013;,
   90.738609;24.998104;134.821014;,
   90.619507;27.594501;134.502014;,
   92.466408;29.164501;146.576019;,
   92.622505;25.536104;147.023010;,
   83.150505;12.339502;117.395004;,
   78.866409;14.017301;87.630310;,
   89.778305;13.457702;86.033905;,
   94.108505;11.011001;115.892021;,
   87.434708;10.661802;147.160019;,
   76.430611;12.759102;148.571014;,
   72.192505;13.668202;118.899017;,
   98.438614;8.564421;145.750015;,
   78.515511;17.059402;85.464806;,
   91.648209;17.053602;83.456711;,
   83.237206;17.948502;116.350014;,
   96.396019;17.508001;114.395004;,
   87.959007;18.837603;147.236008;,
   74.774307;19.712702;149.140015;,
   70.078606;18.389002;118.306007;,
   101.144012;17.962603;145.333008;,
   74.912910;-14.667102;47.269703;,
   65.646408;-15.044802;48.736206;,
   66.130806;-7.645210;46.057705;,
   75.397209;-7.267561;44.591103;,
   66.294708;-0.258750;43.430004;,
   75.561211;0.118870;41.963406;,
   66.082809;7.112341;40.861702;,
   75.349304;7.490001;39.395103;,
   65.889404;14.648502;37.960102;,
   75.159607;15.113602;36.543503;,
   74.287910;23.130102;37.657402;,
   65.029709;22.589802;39.126003;,
   73.484909;30.845001;38.557102;,
   64.226906;30.304705;40.025604;,
   72.306511;38.538002;39.516205;,
   63.048409;37.997704;40.984703;,
   70.808006;46.212402;40.526203;,
   61.549908;45.672203;41.994705;,
   80.627205;-4.378950;147.546021;,
   78.694611;-15.271902;149.258011;,
   87.961006;-14.894102;147.792023;,
   89.893707;-4.001440;146.079010;,
   81.662704;6.477111;145.976013;,
   90.929108;6.854631;144.509018;,
   81.938507;17.302301;144.526016;,
   91.204910;17.679802;143.059021;,
   81.306808;27.298101;143.007019;,
   90.577011;27.763302;141.591019;,
   89.656708;37.906605;140.841019;,
   80.398605;37.366302;142.310013;,
   87.933609;48.654308;139.904022;,
   78.675507;48.114109;141.373016;,
   85.451508;59.357803;139.087021;,
   76.193405;58.817509;140.556015;,
   82.073006;70.009010;138.413010;,
   72.814911;69.468811;139.881012;,
   90.640511;27.934605;143.102020;,
   96.247116;28.216305;142.250015;,
   95.036209;41.228703;141.198013;,
   89.437408;40.902004;142.087021;,
   92.235405;55.828506;139.996017;,
   86.640907;55.445004;140.889023;,
   83.440308;66.453011;140.148010;,
   86.570107;73.772507;138.855011;,
   75.125206;65.967804;141.466019;,
   68.058708;72.692307;141.791016;,
   72.730110;58.454311;142.669022;,
   76.198006;62.610405;141.677017;,
   81.734909;58.979706;141.240021;,
   80.614410;62.868206;140.978012;,
   95.036209;41.228703;141.198013;,
   96.247116;28.216305;142.250015;,
   94.874809;27.084206;132.844009;,
   93.358208;41.173004;131.139023;,
   91.657707;47.505203;127.039017;,
   92.235405;55.828506;139.996017;,
   89.678406;52.339508;121.404022;,
   86.570107;73.772507;138.855011;,
   88.063805;54.257408;115.013016;,
   81.569107;70.349304;108.428017;,
   68.058708;72.692307;141.791016;,
   62.095509;69.213211;111.520012;,
   66.989906;54.985710;112.338013;,
   72.730110;58.454311;142.669022;,
   86.598206;54.658108;109.391014;,
   83.602310;56.007713;105.629013;,
   79.985809;67.328308;104.900017;,
   63.795307;66.383308;107.465012;,
   67.241211;56.275009;108.087013;,
   61.945210;60.900204;80.298210;,
   65.073708;50.770206;80.937706;,
   77.395111;61.801605;77.845810;,
   80.825806;50.467106;78.574608;,
   76.158707;59.008308;75.141106;,
   63.576702;58.280109;77.136009;,
   65.663307;51.513206;77.575211;,
   59.744110;48.210209;39.042904;,
   61.328506;41.320404;38.627003;,
   78.397705;51.278809;75.664604;,
   72.165405;48.919209;36.975502;,
   73.904411;41.064606;36.623104;,
   81.734909;58.979706;141.240021;,
   81.124908;58.532307;137.231018;,
   80.008804;62.423706;136.995010;,
   80.614410;62.868206;140.978012;,
   76.198006;62.610405;141.677017;,
   75.592209;62.166012;137.695023;,
   75.125206;65.967804;141.466019;,
   74.519310;65.523407;137.484009;,
   82.869911;66.034508;136.397018;,
   83.440308;66.453011;140.148010;,
   86.640907;55.445004;140.889023;,
   86.505409;53.000309;137.375015;,
   89.437408;40.902004;142.087021;,
   88.973106;39.897804;138.538010;,
   90.640511;27.934605;143.102020;,
   90.196304;27.568201;140.059021;,
   94.874809;27.084206;132.844009;,
   89.071411;26.792503;133.726013;,
   93.358208;41.173004;131.139023;,
   87.563210;40.834805;132.059021;,
   91.657707;47.505203;127.039017;,
   85.794304;47.163105;127.969009;,
   89.678406;52.339508;121.404022;,
   83.883308;52.001308;122.322006;,
   88.063805;54.257408;115.013016;,
   82.268806;53.919205;115.931023;,
   86.598206;54.658108;109.391014;,
   77.173409;54.844109;110.804016;,
   83.602310;56.007713;105.629013;,
   67.241211;56.275009;108.087013;,
   65.073708;50.770206;80.937706;,
   80.825806;50.467106;78.574608;,
   78.397705;51.278809;75.664604;,
   66.989906;54.985710;112.338013;,
   81.124908;58.532307;137.231018;,
   72.730110;58.454311;142.669022;,
   81.734909;58.979706;141.240021;,
   65.663307;51.513206;77.575211;,
   61.328506;41.320404;38.627003;,
   73.904411;41.064606;36.623104;,
   92.032211;31.357904;146.402008;,
   101.658012;33.121803;144.741013;,
   99.943817;30.399904;132.773010;,
   90.292908;28.976402;134.400009;,
   92.032211;31.357904;146.402008;,
   92.362808;27.730902;146.756012;,
   102.077019;28.297806;145.215012;,
   101.658012;33.121803;144.741013;,
   99.943817;30.399904;132.773010;,
   100.237015;26.947302;133.114014;,
   90.292908;28.976402;134.400009;,
   90.522110;26.380404;134.655014;,
   92.362808;27.730902;146.756012;,
   92.032211;31.357904;146.402008;,
   84.928406;45.087204;143.365021;,
   95.581604;48.262806;141.391022;,
   92.098709;38.833504;112.839012;,
   81.388206;36.427803;114.736015;,
   74.275108;41.911503;145.340012;,
   70.677704;34.022003;116.634026;,
   88.615509;29.404106;84.287308;,
   77.848007;27.768305;86.107605;,
   99.702019;39.449604;142.957016;,
   95.440506;32.536102;112.725021;,
   86.718208;37.275105;145.175018;,
   82.424309;30.796703;114.899017;,
   73.734604;35.100605;147.393021;,
   69.408409;29.057306;117.073013;,
   91.178909;25.622404;82.493309;,
   78.130508;24.318203;84.623604;,
   77.848007;27.768305;86.107605;,
   88.615509;29.404106;84.287308;,
   78.677704;20.872702;86.492805;,
   89.534004;21.417402;84.833710;,
   78.866409;14.017301;87.630310;,
   89.778305;13.457702;86.033905;,
   93.803810;24.920605;113.926018;,
   94.108505;11.011001;115.892021;,
   92.098709;38.833504;112.839012;,
   98.073517;28.423805;143.017014;,
   98.438614;8.564421;145.750015;,
   87.434708;10.661802;147.160019;,
   87.217010;27.879105;144.676010;,
   76.430611;12.759102;148.571014;,
   95.581604;48.262806;141.391022;,
   84.928406;45.087204;143.365021;,
   74.275108;41.911503;145.340012;,
   76.360710;27.334402;146.335022;,
   72.192505;13.668202;118.899017;,
   71.434708;23.798302;117.344009;,
   82.291107;24.343004;115.685020;,
   83.150505;12.339502;117.395004;,
   70.677704;34.022003;116.634026;,
   81.388206;36.427803;114.736015;,
   78.515511;17.059402;85.464806;,
   78.202606;20.407701;82.574707;,
   91.648209;17.053602;83.456711;,
   91.308205;21.065203;80.572105;,
   95.950211;24.873903;112.201012;,
   96.396019;17.508001;114.395004;,
   100.592018;28.682507;143.829010;,
   101.144012;17.962603;145.333008;,
   87.959007;18.837603;147.236008;,
   91.178909;25.622404;82.493309;,
   95.440506;32.536102;112.725021;,
   99.702019;39.449604;142.957016;,
   86.718208;37.275105;145.175018;,
   87.486610;28.025005;145.832016;,
   74.774307;19.712702;149.140015;,
   78.130508;24.318203;84.623604;,
   73.734604;35.100605;147.393021;,
   74.380806;27.367401;147.835022;,
   70.078606;18.389002;118.306007;,
   69.710907;23.678501;117.305008;,
   82.813911;24.335901;115.303017;,
   83.237206;17.948502;116.350014;,
   69.408409;29.057306;117.073013;,
   82.424309;30.796703;114.899017;,
   65.029709;22.589802;39.126003;,
   65.889404;14.648502;37.960102;,
   81.306808;27.298101;143.007019;,
   66.082809;7.112341;40.861702;,
   81.938507;17.302301;144.526016;,
   66.294708;-0.258750;43.430004;,
   81.662704;6.477111;145.976013;,
   66.130806;-7.645210;46.057705;,
   80.627205;-4.378950;147.546021;,
   65.646408;-15.044802;48.736206;,
   78.694611;-15.271902;149.258011;,
   87.961006;-14.894102;147.792023;,
   74.912910;-14.667102;47.269703;,
   89.893707;-4.001440;146.079010;,
   75.397209;-7.267561;44.591103;,
   90.929108;6.854631;144.509018;,
   75.561211;0.118870;41.963406;,
   91.204910;17.679802;143.059021;,
   75.349304;7.490001;39.395103;,
   90.577011;27.763302;141.591019;,
   75.159607;15.113602;36.543503;,
   74.287910;23.130102;37.657402;,
   89.656708;37.906605;140.841019;,
   73.484909;30.845001;38.557102;,
   87.933609;48.654308;139.904022;,
   72.306511;38.538002;39.516205;,
   85.451508;59.357803;139.087021;,
   70.808006;46.212402;40.526203;,
   82.073006;70.009010;138.413010;,
   61.549908;45.672203;41.994705;,
   72.814911;69.468811;139.881012;,
   76.193405;58.817509;140.556015;,
   63.048409;37.997704;40.984703;,
   78.675507;48.114109;141.373016;,
   64.226906;30.304705;40.025604;,
   80.398605;37.366302;142.310013;,
   87.583511;6.941201;117.360016;,
   84.872208;-5.473771;111.421021;,
   89.227310;-5.296370;110.731018;,
   80.292404;-0.785870;70.552109;,
   84.713806;-0.605660;69.852310;,
   91.938507;7.118801;116.672012;,
   88.395309;25.405304;121.589020;,
   92.752205;25.623804;120.923012;,
   89.422409;42.480503;112.781021;,
   85.071205;42.226604;113.470016;,
   75.677406;1.650250;37.181805;,
   80.032410;1.827730;36.492504;,
   85.670006;19.813103;72.668808;,
   75.249008;14.619002;32.015903;,
   79.605804;14.837602;31.350101;,
   78.230804;28.593805;33.532104;,
   82.006706;38.817905;65.499504;,
   85.196304;52.837608;104.316017;,
   80.845207;52.583706;105.007019;,
   77.589409;38.560104;66.200211;,
   73.879807;28.339806;34.222305;,
   82.295006;7.498901;127.773018;,
   81.368004;1.913990;124.197021;,
   93.529007;2.409670;122.273026;,
   76.671608;5.512310;90.938110;,
   88.995010;6.014541;88.987709;,
   94.479904;7.995571;125.845016;,
   83.038208;26.151403;131.587021;,
   95.047806;26.753904;129.751022;,
   91.907310;43.962704;121.892021;,
   79.733406;43.252304;123.822014;,
   72.562607;7.032831;61.028309;,
   84.567307;7.522081;59.128212;,
   89.353706;22.082102;90.954407;,
   72.098206;17.175303;57.045509;,
   84.107811;17.777903;55.210407;,
   83.107109;28.606804;56.804108;,
   86.810509;37.141106;85.560310;,
   90.287109;48.462608;117.202019;,
   78.137108;47.753506;119.129013;,
   74.498207;36.422604;87.513206;,
   71.113205;27.907005;58.706707;,
   32.920204;30.139301;113.025009;,
   31.064106;28.830103;113.453018;,
   31.918507;28.950304;116.373016;,
   34.620804;29.548204;115.146019;,
   35.839104;30.908304;113.058006;,
   33.788403;30.980305;111.670013;,
   37.603905;31.675505;109.592010;,
   36.038803;31.611504;108.540016;,
   38.203102;29.508902;106.363014;,
   32.846004;26.820503;118.082008;,
   36.423805;25.110205;116.551018;,
   39.549603;27.433805;114.876022;,
   38.541103;29.381104;113.370026;,
   37.475304;29.844004;112.188019;,
   33.170204;23.390303;117.911011;,
   34.986103;21.221003;115.780022;,
   39.605404;22.562302;114.800011;,
   39.810604;25.257704;114.500015;,
   42.405403;27.859701;111.606018;,
   41.039505;29.313005;111.584015;,
   33.746403;20.978003;116.440010;,
   34.364304;21.128302;113.044022;,
   37.878105;21.110502;114.340004;,
   41.229404;21.143803;111.525017;,
   42.323105;22.858103;111.742020;,
   32.708103;20.420801;113.182014;,
   37.239403;21.127703;111.877022;,
   39.218204;21.824001;109.935013;,
   41.235504;21.292702;108.713013;,
   42.110104;22.868603;108.265015;,
   41.898003;24.905403;110.996017;,
   41.756306;25.738901;110.943016;,
   39.021904;21.430601;108.017014;,
   38.756603;22.663002;107.013016;,
   41.726303;24.267204;108.008011;,
   39.116005;25.382204;109.595024;,
   36.156105;22.388203;109.638016;,
   36.091003;22.740402;108.567017;,
   38.614002;24.111404;107.314018;,
   35.926403;23.560602;109.273026;,
   36.156105;22.388203;109.638016;,
   39.218204;21.824001;109.935013;,
   35.926403;23.560602;109.273026;,
   39.116005;25.382204;109.595024;,
   36.716206;24.926304;110.524017;,
   38.491604;28.800703;110.170013;,
   35.763805;27.470106;109.442024;,
   35.781902;28.684906;109.392014;,
   37.239403;21.127703;111.877022;,
   33.584206;23.706902;112.093018;,
   32.768703;27.902304;110.457008;,
   36.473904;28.039204;109.352013;,
   34.364304;21.128302;113.044022;,
   32.708103;20.420801;113.182014;,
   31.560106;22.871302;111.576012;,
   30.834106;26.078304;111.339005;,
   31.064106;28.830103;113.453018;,
   32.920204;30.139301;113.025009;,
   33.788403;30.980305;111.670013;,
   33.830204;29.248606;109.568016;,
   35.505405;29.513805;108.059006;,
   36.841305;28.816906;108.734016;,
   38.155106;28.452305;106.504013;,
   38.214005;28.344604;107.402008;,
   36.038803;31.611504;108.540016;,
   38.203102;29.508902;106.363014;,
   41.019302;26.168804;107.600014;,
   41.737305;27.523806;107.363014;,
   41.185505;29.002506;107.843018;,
   37.724102;26.523705;107.745026;,
   37.493305;27.679604;107.257019;,
   37.677803;28.984304;107.622017;,
   38.491604;28.800703;110.170013;,
   35.763805;27.470106;109.442024;,
   35.505905;27.999104;108.616013;,
   35.781902;28.684906;109.392014;,
   36.473904;28.039204;109.352013;,
   38.054203;30.135805;109.850014;,
   39.132305;29.432003;106.881012;,
   38.155106;28.452305;106.504013;,
   38.214005;28.344604;107.402008;,
   36.841305;28.816906;108.734016;,
   38.987602;29.100403;107.740021;,
   -24.355104;32.446606;80.965508;,
   -22.133001;32.987503;81.351707;,
   -24.355104;36.223305;76.344307;,
   -22.329302;36.753304;76.531410;,
   -22.309301;37.810402;68.641411;,
   -24.310604;37.396900;68.656509;,
   -24.355104;34.468204;61.369907;,
   -22.310102;34.863804;60.770905;,
   -24.337202;29.740704;57.413509;,
   -11.557001;33.260303;76.202209;,
   -11.591301;34.518803;68.342804;,
   -11.238101;29.591105;60.447609;,
   -22.042702;30.099707;57.048107;,
   -22.213202;21.233301;55.898312;,
   -24.314505;21.308401;56.403412;,
   -11.267102;29.945301;79.866211;,
   -0.000000;33.134804;75.894508;,
   -0.000000;34.469505;68.228607;,
   -0.000000;29.585003;60.706913;,
   -10.779201;20.770502;59.469406;,
   -0.000000;29.975302;79.699409;,
   11.267202;29.945301;79.866211;,
   11.557102;33.260303;76.202209;,
   11.591301;34.518803;68.342804;,
   11.238101;29.591105;60.447609;,
   -10.742801;28.034204;89.151405;,
   -0.000000;28.650305;89.327408;,
   10.742901;28.034204;89.151405;,
   22.133001;32.987503;81.351707;,
   22.329302;36.753304;76.531410;,
   22.309301;37.810402;68.641411;,
   22.310102;34.863804;60.770905;,
   24.355104;36.223305;76.344307;,
   24.310604;37.396900;68.656509;,
   24.355104;34.468204;61.369907;,
   24.337202;29.740704;57.413509;,
   22.042702;30.099707;57.048107;,
   24.355104;32.446606;80.965508;,
   -24.247904;13.433602;60.039909;,
   -22.221703;13.078202;59.800007;,
   -24.323503;10.429901;64.631111;,
   -22.240202;9.952442;64.472008;,
   -22.309202;9.165121;72.198006;,
   -24.289804;9.602111;72.221306;,
   -10.892102;13.692302;64.537910;,
   -10.972902;12.423002;71.384308;,
   -10.857801;14.201202;77.206108;,
   -22.491602;12.977202;80.406509;,
   -24.355104;13.584502;80.058006;,
   -0.000000;13.833502;64.312004;,
   -0.000000;12.491102;71.390106;,
   -0.000000;13.529402;77.481010;,
   10.857801;14.201202;77.206108;,
   -0.000000;20.602402;59.596306;,
   10.779201;20.770502;59.469406;,
   10.892102;13.692302;64.537910;,
   10.973001;12.423002;71.384308;,
   22.213202;21.233301;55.898312;,
   22.221802;13.078202;59.800007;,
   22.240202;9.952442;64.472008;,
   22.309202;9.165121;72.198006;,
   22.491602;12.977202;80.406509;,
   11.731601;20.499702;81.750710;,
   24.314604;21.308401;56.403412;,
   24.248003;13.433602;60.039909;,
   24.323605;10.429901;64.631111;,
   24.289804;9.602111;72.221306;,
   24.355104;13.584502;80.058006;,
   22.326702;17.198101;83.421310;,
   22.387802;23.432503;84.831406;,
   11.267202;29.945301;79.866211;,
   22.318102;28.672901;83.906609;,
   22.133001;32.987503;81.351707;,
   24.355104;32.446606;80.965508;,
   24.355104;17.375402;82.945305;,
   24.306503;23.340302;84.146904;,
   24.330004;28.587202;83.361610;,
   -11.731601;20.499702;81.750710;,
   -22.326603;17.198101;83.421310;,
   -24.355104;17.375402;82.945305;,
   -24.306503;23.340302;84.146904;,
   -22.387802;23.432503;84.831406;,
   -22.318102;28.672901;83.906609;,
   -24.330004;28.587202;83.361610;,
   -24.355104;32.446606;80.965508;,
   -22.133001;32.987503;81.351707;,
   -11.267102;29.945301;79.866211;,
   -10.742801;28.034204;89.151405;,
   -11.267102;29.945301;79.866211;,
   -11.731601;20.499702;81.750710;,
   -10.122701;18.962603;89.022507;,
   -10.857801;14.201202;77.206108;,
   -0.000000;13.529402;77.481010;,
   -0.000000;18.961601;89.009911;,
   10.122701;18.962603;89.022507;,
   10.857801;14.201202;77.206108;,
   11.731601;20.499702;81.750710;,
   10.742901;28.034204;89.151405;,
   11.267202;29.945301;79.866211;,
   4.909161;3.498860;118.981018;,
   6.032471;4.623280;115.742020;,
   -0.000000;4.601670;116.291023;,
   -0.000000;3.645700;119.033012;,
   0.000000;-0.970140;121.577026;,
   6.282101;-0.841080;121.447014;,
   7.540411;-2.516020;119.116005;,
   6.032471;4.623280;115.742020;,
   -4.909130;3.498860;118.981018;,
   -6.282131;-0.841080;121.447014;,
   0.000000;-4.068520;120.408012;,
   7.583281;-4.167360;119.499023;,
   8.061890;-2.535190;110.197021;,
   -6.032451;4.623280;115.742020;,
   -6.973071;63.657707;102.529015;,
   -7.601001;60.133305;103.573013;,
   -6.713211;64.836708;105.604012;,
   -6.955491;61.636806;109.797020;,
   -0.000000;64.836708;105.557014;,
   -0.000000;61.636806;111.618011;,
   6.955491;61.636806;109.797020;,
   6.713211;64.836708;105.604012;,
   -9.986501;55.234207;104.847015;,
   -11.560101;55.795708;111.863014;,
   -0.000000;57.339008;114.245018;,
   11.560101;55.795708;111.863014;,
   9.986501;55.234207;104.847015;,
   7.600981;60.133305;103.573013;,
   6.973051;63.657707;102.529015;,
   -10.643401;48.705906;115.487015;,
   -0.000000;49.305706;117.121010;,
   10.643401;48.705906;115.487015;,
   -10.600101;45.296505;112.710014;,
   -0.000000;46.727104;113.621017;,
   10.600101;45.296505;112.710014;,
   -9.229611;-3.724250;97.055412;,
   -7.362961;-5.510180;85.891808;,
   -7.379421;-8.322390;86.754509;,
   -9.692921;-13.061502;96.518013;,
   -8.061890;-2.535190;110.197021;,
   -7.583281;-4.167360;119.499023;,
   -7.540411;-2.516020;119.116005;,
   0.000000;-13.282402;96.513016;,
   -6.032451;4.623280;115.742020;,
   0.000000;-8.282401;86.110909;,
   7.379390;-8.322390;86.754509;,
   9.692901;-13.061502;96.518013;,
   -7.362961;-5.510180;85.891808;,
   0.000000;-5.808220;85.453308;,
   7.362991;-5.510180;85.891808;,
   9.229641;-3.724250;97.055412;,
   7.362991;-5.510180;85.891808;,
   -20.051903;-9.547262;96.559212;,
   -19.910103;5.779490;93.865005;,
   -20.003302;9.926310;108.947006;,
   -21.043901;-11.958401;112.209007;,
   -21.917002;-2.605550;122.625008;,
   -22.594202;6.326331;128.762009;,
   -20.444702;18.637102;111.544014;,
   -22.797503;17.877502;130.676010;,
   -22.317303;35.949104;125.930008;,
   -32.673306;33.858303;125.715012;,
   -32.877705;18.595201;129.029022;,
   -32.703804;8.554541;127.553009;,
   -22.594202;6.326331;128.762009;,
   -20.042402;27.208303;108.991013;,
   -21.801003;43.868904;120.527016;,
   -19.492401;32.434105;102.409012;,
   -20.591803;52.605309;109.351013;,
   -19.545403;48.629910;92.887810;,
   -19.532902;33.116604;92.259407;,
   -19.910103;5.779490;93.865005;,
   -28.901203;5.249990;94.002808;,
   -20.003302;9.926310;108.947006;,
   -36.756104;5.473000;95.136604;,
   -40.662106;5.610180;102.761017;,
   -41.159203;13.837202;109.495010;,
   -20.444702;18.637102;111.544014;,
   -41.208305;18.919903;110.150017;,
   -40.967403;23.374702;108.861015;,
   -20.042402;27.208303;108.991013;,
   -40.410603;28.065706;105.633018;,
   -19.492401;32.434105;102.409012;,
   -40.113503;31.475805;101.156013;,
   -27.449203;33.010105;92.259407;,
   -19.532902;33.116604;92.259407;,
   -36.866604;33.071102;94.662308;,
   -19.545403;48.629910;92.887810;,
   -19.532902;33.116604;92.259407;,
   -27.449203;33.010105;92.259407;,
   -28.870201;48.058609;93.032410;,
   -20.591803;52.605309;109.351013;,
   -30.707203;52.524509;108.341019;,
   -31.961504;43.969803;119.122025;,
   -21.801003;43.868904;120.527016;,
   -35.869705;46.126003;94.696510;,
   -40.813004;49.641109;106.062012;,
   -41.988503;41.252106;117.377014;,
   -36.866604;33.071102;94.662308;,
   -42.742504;31.852606;123.790016;,
   -43.094505;18.393402;126.467018;,
   -42.757805;10.023601;124.785027;,
   -42.144604;-0.392720;118.408012;,
   -32.230003;-2.475770;121.088013;,
   -40.967403;23.374702;108.861015;,
   -41.208305;18.919903;110.150017;,
   -42.757805;10.023601;124.785027;,
   -41.159203;13.837202;109.495010;,
   -42.144604;-0.392720;118.408012;,
   -40.410603;28.065706;105.633018;,
   -41.988503;41.252106;117.377014;,
   -40.113503;31.475805;101.156013;,
   -40.813004;49.641109;106.062012;,
   -35.869705;46.126003;94.696510;,
   -36.866604;33.071102;94.662308;,
   -40.662106;5.610180;102.761017;,
   -41.496605;-9.401121;108.471016;,
   -37.979305;-6.930811;96.744019;,
   -36.756104;5.473000;95.136604;,
   -21.917002;-2.605550;122.625008;,
   -21.043901;-11.958401;112.209007;,
   -31.689405;-12.141102;110.881012;,
   -20.051903;-9.547262;96.559212;,
   -29.659004;-9.547262;95.860306;,
   -28.901203;5.249990;94.002808;,
   -19.910103;5.779490;93.865005;,
   -41.496605;-9.401121;108.471016;,
   -37.979305;-6.930811;96.744019;,
   -36.756104;5.473000;95.136604;,
   -21.722403;22.128601;134.758011;,
   -22.417202;15.484102;134.921021;,
   -22.362303;28.626205;132.884018;,
   -20.296902;12.384502;124.231010;,
   -20.157902;30.215603;121.657013;,
   -46.896202;19.883001;113.486015;,
   -45.249104;28.807505;112.246017;,
   -20.029802;35.944702;120.250008;,
   -45.899506;10.958601;114.726013;,
   -19.586302;4.811740;123.894012;,
   -45.899506;10.958601;114.726013;,
   -46.453705;12.262602;121.999016;,
   -46.896202;19.883001;113.486015;,
   -48.479507;20.805002;121.697014;,
   -46.334103;29.102606;119.769012;,
   -45.249104;28.807505;112.246017;,
   -40.673504;21.994802;135.509018;,
   -39.061104;32.117302;132.010010;,
   -39.291504;11.268401;134.232010;,
   -25.405804;10.871702;142.342010;,
   -25.098305;23.088303;142.844009;,
   -24.790901;34.691803;138.943008;,
   -22.078102;36.712704;131.732010;,
   -42.733204;31.780203;123.843018;,
   -46.334103;29.102606;119.769012;,
   -21.387901;6.512321;134.960022;,
   -22.417202;15.484102;134.921021;,
   -21.722403;22.128601;134.758011;,
   -22.362303;28.626205;132.884018;,
   -42.747604;9.786091;124.961014;,
   -19.586302;4.811740;123.894012;,
   -20.296902;12.384502;124.231010;,
   -46.453705;12.262602;121.999016;,
   -45.899506;10.958601;114.726013;,
   -20.157902;30.215603;121.657013;,
   -20.029802;35.944702;120.250008;,
   -45.249104;28.807505;112.246017;,
   5.787280;64.836708;66.956810;,
   -0.000000;64.836708;66.956810;,
   4.900320;72.369209;66.956810;,
   -0.000000;72.369209;66.956810;,
   3.218651;72.369209;70.595909;,
   7.704391;72.369209;78.958710;,
   8.979271;64.836708;77.694206;,
   5.787280;64.836708;66.956810;,
   3.624270;63.657707;72.036209;,
   -4.900320;72.369209;66.956810;,
   -3.218651;72.369209;70.595909;,
   -0.000000;72.369209;70.596008;,
   2.106570;71.585808;72.044807;,
   5.381050;72.369209;80.834007;,
   -5.787280;64.836708;66.956810;,
   7.281790;64.282410;79.643906;,
   13.566702;64.836708;80.915207;,
   13.810902;63.991707;83.444908;,
   19.520403;64.836708;89.059311;,
   15.911002;63.657707;89.059311;,
   12.540902;63.657707;96.844315;,
   12.512702;72.369209;82.152710;,
   17.824402;72.369209;89.059311;,
   13.671602;64.836708;99.855713;,
   8.405910;64.836708;100.075012;,
   7.522001;63.657707;99.320717;,
   6.973051;63.657707;102.529015;,
   10.309801;72.369209;84.006706;,
   14.477301;72.369209;89.059311;,
   12.754302;72.369209;98.983719;,
   9.068330;71.585709;84.813705;,
   12.764102;71.585709;89.059311;,
   10.282101;72.369209;96.598618;,
   7.590581;72.369209;99.419716;,
   4.075591;71.585709;81.718307;,
   -0.000000;71.585709;89.398010;,
   9.256201;71.585709;95.085411;,
   5.205250;72.369209;96.598618;,
   -0.000000;71.585709;72.036705;,
   -2.106570;71.585808;72.044807;,
   -4.075591;71.585709;81.718307;,
   -5.381050;72.369209;80.834007;,
   -9.068330;71.585709;84.813705;,
   -7.704391;72.369209;78.958710;,
   -10.309801;72.369209;84.006706;,
   -12.764102;71.585709;89.059311;,
   -8.979271;64.836708;77.694206;,
   -12.512702;72.369209;82.152710;,
   -14.477301;72.369209;89.059311;,
   -10.282101;72.369209;96.598618;,
   -9.256201;71.585709;95.085411;,
   -5.787280;64.836708;66.956810;,
   -3.624270;63.657707;72.036209;,
   -7.281790;64.282410;79.643906;,
   -13.566702;64.836708;80.915207;,
   -17.824402;72.369209;89.059311;,
   -12.754302;72.369209;98.983719;,
   -7.590581;72.369209;99.419716;,
   -5.205250;72.369209;96.598618;,
   -13.810902;63.991707;83.444908;,
   -19.520403;64.836708;89.059311;,
   -13.671602;64.836708;99.855713;,
   -8.405910;64.836708;100.075012;,
   -15.911002;63.657707;89.059311;,
   -12.540902;63.657707;96.844315;,
   -7.522001;63.657707;99.320717;,
   -6.973071;63.657707;102.529015;,
   -6.713211;64.836708;105.604012;,
   -5.970170;72.369209;104.816017;,
   -0.000020;72.369209;104.731018;,
   -0.000000;72.369209;96.598618;,
   -4.892311;71.585709;95.085411;,
   -0.000000;64.836708;105.557014;,
   5.970170;72.369209;104.816017;,
   4.892311;71.585709;95.085411;,
   -0.000000;71.585709;95.085411;,
   6.713211;64.836708;105.604012;,
