xof 0303txt 0032
template VertexDuplicationIndices {
 <b8d65549-d7c9-4995-89cf-53a9a8b031e3>
 DWORD nIndices;
 DWORD nOriginalVertices;
 array DWORD indices[nIndices];
}

template EffectParamDWord {
 <e13963bc-ae51-4c5d-b00f-cfa3a9d97ce5>
 STRING ParamName;
 DWORD Value;
}

template FVFData {
 <b6e70a0e-8ef9-4e83-94ad-ecc8b0c04897>
 DWORD dwFVF;
 DWORD nDWords;
 array DWORD data[nDWords];
}

template EffectFloats {
 <f1cfe2b3-0de3-4e28-afa1-155a750a282d>
 DWORD nFloats;
 array FLOAT Floats[nFloats];
}

template EffectString {
 <d55b097e-bdb6-4c52-b03d-6051c89d0e42>
 STRING Value;
}

template EffectDWord {
 <622c0ed0-956e-4da9-908a-2af94f3ce716>
 DWORD Value;
}

template EffectInstance {
 <e331f7e4-0559-4cc2-8e99-1cec1657928f>
 STRING EffectFilename;
 [...]
}

template AnimTicksPerSecond {
 <9e415a43-7ba6-4a73-8743-b73d47e88476>
 DWORD AnimTicksPerSecond;
}

template VertexElement {
 <f752461c-1e23-48f6-b9f8-8350850f336f>
 DWORD Type;
 DWORD Method;
 DWORD Usage;
 DWORD UsageIndex;
}

template DeclData {
 <bf22e553-292c-4781-9fea-62bd554bdd93>
 DWORD nElements;
 array VertexElement Elements[nElements];
 DWORD nDWords;
 array DWORD data[nDWords];
}

template EffectParamFloats {
 <3014b9a0-62f5-478c-9b86-e4ac9f4e418b>
 STRING ParamName;
 DWORD nFloats;
 array FLOAT Floats[nFloats];
}

template EffectParamString {
 <1dbc4c88-94c1-46ee-9076-2c28818c9481>
 STRING ParamName;
 STRING Value;
}


AnimTicksPerSecond {
 4800;
}

Frame {
 

 FrameTransformMatrix {
  1.000000,0.000000,0.000000,0.000000,0.000000,1.000000,0.000000,0.000000,0.000000,0.000000,1.000000,0.000000,0.000000,0.000000,0.000000,1.000000;;
 }

 Frame Armature {
  

  FrameTransformMatrix {
   39.370079,0.000000,-0.000000,0.000000,-0.000000,0.000002,-39.370075,0.000000,0.000000,39.370075,0.000002,0.000000,0.000000,0.000000,0.000000,1.000000;;
  }

  Frame C_Buffbone_Glb_Center_Loc {
   

   FrameTransformMatrix {
    -1.000000,0.000086,0.000000,0.000000,-0.000086,-1.000000,-0.000000,0.000000,-0.000000,0.000000,1.000000,0.000000,-0.000415,-8.480500,126.495003,1.000000;;
   }
  }

  Frame Root {
   

   FrameTransformMatrix {
    -0.956986,-0.098206,0.273008,0.000000,0.265309,-0.677053,0.686448,0.000000,0.117428,0.729352,0.673985,0.000000,-1.128804,-18.343906,89.321098,1.000000;;
   }

   Frame Spine1 {
    

    FrameTransformMatrix {
     0.913674,0.394486,0.097877,0.000000,-0.405832,0.872200,0.273069,0.000000,0.022353,-0.289218,0.957002,0.000000,-3.857013,6.496134,6.816952,1.000000;;
    }

    Frame Spine2 {
     

     FrameTransformMatrix {
      1.000000,0.000092,-0.000080,0.000000,-0.000080,0.989403,0.145194,0.000000,0.000092,-0.145194,0.989403,0.000000,-0.000190,-0.053711,21.738392,1.000000;;
     }

     Frame Spine3 {
      

      FrameTransformMatrix {
       0.998636,-0.017497,0.049198,0.000000,0.030167,0.962361,-0.270096,0.000000,-0.042621,0.271212,0.961576,0.000000,-0.000199,0.586306,21.708450,1.000000;;
      }

      Frame L_ShoulderRock1 {
       

       FrameTransformMatrix {
        -0.309630,0.593974,-0.742512,0.000000,-0.186287,-0.803647,-0.565198,0.000000,-0.932429,-0.036682,0.359483,0.000000,18.684183,-32.853786,22.746065,1.000000;;
       }
      }

      Frame L_ShoulderRock2 {
       

       FrameTransformMatrix {
        -0.177863,0.252411,-0.951132,0.000000,0.081657,-0.959424,-0.269882,0.000000,-0.980661,-0.125669,0.150036,0.000000,15.552742,0.161187,27.272049,1.000000;;
       }
      }

      Frame L_ShoulderRock3 {
       

       FrameTransformMatrix {
        -0.354771,-0.488874,-0.796955,0.000000,0.652416,-0.740010,0.163514,0.000000,-0.669693,-0.461937,0.581484,0.000000,43.842976,27.442635,10.621961,1.000000;;
       }
      }

      Frame BackRock {
       

       FrameTransformMatrix {
        -0.007321,-0.823830,-0.566790,0.000000,0.999971,-0.007210,-0.002437,0.000000,-0.002079,-0.566792,0.823859,0.000000,3.922653,35.808975,-1.602341,1.000000;;
       }
      }

      Frame R_ShoulderRock1 {
       

       FrameTransformMatrix {
        -0.075380,-0.605113,0.792563,0.000000,0.928265,0.247716,0.277415,0.000000,-0.364198,0.756621,0.543033,0.000000,-19.127052,-19.136633,22.977642,1.000000;;
       }
      }

      Frame R_ShoulderRock2 {
       

       FrameTransformMatrix {
        -0.433569,-0.187057,0.881492,0.000000,-0.341888,0.939224,0.031147,0.000000,-0.833745,-0.287867,-0.471171,0.000000,-28.500790,6.730927,14.135808,1.000000;;
       }
      }

      Frame R_ShoulderRock3 {
       

       FrameTransformMatrix {
        -0.637100,0.473497,0.608197,0.000000,0.593343,0.804933,-0.005121,0.000000,-0.491983,0.357607,-0.793769,0.000000,-24.877670,27.297455,-1.510317,1.000000;;
       }
      }

      Frame R_Clavicle {
       

       FrameTransformMatrix {
        -0.991835,0.088346,0.091971,0.000000,0.043810,0.913325,-0.404868,0.000000,-0.119768,-0.397533,-0.909738,0.000000,-31.645452,9.073452,23.558987,1.000000;;
       }

       Frame R_Shoulder {
        

        FrameTransformMatrix {
         0.680149,-0.266647,0.682859,0.000000,0.292144,0.952928,0.081121,0.000000,-0.672346,0.144319,0.726032,0.000000,33.347595,15.073520,-9.455078,1.000000;;
        }

        Frame R_ElbowUpper {
         

         FrameTransformMatrix {
          1.000000,-0.000020,0.000000,0.000000,0.000020,1.000000,-0.000048,0.000000,0.000000,0.000048,1.000000,0.000000,62.380531,0.000008,0.000060,1.000000;;
         }

         Frame R_ElbowLower {
          

          FrameTransformMatrix {
           0.305433,-0.952213,-0.000182,0.000000,0.952213,0.305433,0.000036,0.000000,0.000022,-0.000184,1.000000,0.000000,0.000000,-0.000006,-0.000013,1.000000;;
          }

          Frame R_Hand {
           

           FrameTransformMatrix {
            0.732382,0.650076,0.202528,0.000000,-0.094440,0.391553,-0.915296,0.000000,-0.674313,0.651220,0.348159,0.000000,83.622925,0.000026,0.000016,1.000000;;
           }

           Frame R_Middle1 {
            

            FrameTransformMatrix {
             0.576739,0.302315,-0.758932,0.000000,-0.017687,0.933410,0.358375,0.000000,0.816737,-0.193266,0.543681,0.000000,14.633606,5.950638,-8.884180,1.000000;;
            }

            Frame R_Middle2 {
             

             FrameTransformMatrix {
              0.947471,0.000068,-0.319843,0.000000,-0.000071,1.000000,0.000000,0.000000,0.319843,0.000023,0.947471,0.000000,18.999756,-0.000003,0.000415,1.000000;;
             }
            }
           }

           Frame R_Wrist {
            

            FrameTransformMatrix {
             0.817959,0.180649,-0.546177,0.000000,0.018539,0.940645,0.338883,0.000000,0.574978,-0.287318,0.766060,0.000000,-1.052959,-1.811837,-11.682265,1.000000;;
            }
           }

           Frame R_Pinky1 {
            

            FrameTransformMatrix {
             0.508350,0.722329,-0.468851,0.000000,-0.445029,0.686467,0.575075,0.000000,0.737244,-0.083687,0.670423,0.000000,10.300476,20.743105,0.449102,1.000000;;
            }

            Frame R_Pinky2 {
             

             FrameTransformMatrix {
              0.964315,0.000072,-0.264756,0.000000,-0.000075,1.000000,-0.000000,0.000000,0.264756,0.000020,0.964315,0.000000,19.000099,0.000016,-0.000141,1.000000;;
             }
            }
           }

           Frame R_Index1 {
            

            FrameTransformMatrix {
             0.570000,-0.221541,-0.791214,0.000000,0.235336,0.966639,-0.101121,0.000000,0.787221,-0.128562,0.603121,0.000000,12.765772,-13.987296,-13.275630,1.000000;;
            }

            Frame R_Index2 {
             

             FrameTransformMatrix {
              0.997141,0.000084,-0.075560,0.000000,-0.000084,1.000000,-0.000001,0.000000,0.075560,0.000007,0.997140,0.000000,20.000206,-0.000092,-0.000147,1.000000;;
             }
            }
           }

           Frame R_Thumb1 {
            

            FrameTransformMatrix {
             0.305368,-0.824150,0.476999,0.000000,0.395161,-0.346080,-0.850927,0.000000,0.866371,0.448337,0.219990,0.000000,-1.422510,-23.932108,0.728979,1.000000;;
            }

            Frame R_Thumb2 {
             

             FrameTransformMatrix {
              0.999065,0.000084,-0.043234,0.000000,-0.000084,1.000000,-0.000000,0.000000,0.043234,0.000004,0.999065,0.000000,20.000092,-0.000788,-0.000183,1.000000;;
             }
            }
           }
          }
         }
        }
       }
      }

      Frame Head {
       

       FrameTransformMatrix {
        -0.728273,0.640137,0.244627,0.000000,-0.052181,-0.407734,0.911608,0.000000,0.683298,0.651135,0.330345,0.000000,-14.156387,-42.161537,39.595524,1.000000;;
       }
      }

      Frame L_Clavicle {
       

       FrameTransformMatrix {
        -0.964385,-0.242647,0.105277,0.000000,0.257751,-0.951472,0.168122,0.000000,0.059374,0.189269,0.980129,0.000000,26.605989,-4.284429,11.765958,1.000000;;
       }

       Frame L_Shoulder {
        

        FrameTransformMatrix {
         0.297701,-0.630632,0.716713,0.000000,0.850693,0.515942,0.100623,0.000000,-0.433238,0.579747,0.690071,0.000000,-33.347698,-15.073638,9.454419,1.000000;;
        }

        Frame L_ElbowUpper {
         

         FrameTransformMatrix {
          1.000000,0.000094,0.000382,0.000000,-0.000094,1.000000,-0.000191,0.000000,-0.000382,0.000191,1.000000,0.000000,-62.380901,0.000031,-0.000031,1.000000;;
         }

         Frame L_ElbowLower {
          

          FrameTransformMatrix {
           0.523038,-0.852309,-0.000480,0.000000,0.852309,0.523038,-0.000192,0.000000,0.000415,-0.000309,1.000000,0.000000,-0.000061,-0.000015,0.000024,1.000000;;
          }

          Frame L_Hand {
           

           FrameTransformMatrix {
            0.985653,-0.133361,-0.103462,0.000000,0.166730,0.673821,0.719838,0.000000,-0.026283,-0.726761,0.686388,0.000000,-83.623299,0.000014,0.000015,1.000000;;
           }

           Frame L_Middle1 {
            

            FrameTransformMatrix {
             0.927686,-0.054064,0.369427,0.000000,-0.086013,0.931900,0.352369,0.000000,-0.363320,-0.358664,0.859860,0.000000,-13.839782,-3.654823,8.246948,1.000000;;
            }

            Frame L_Middle2 {
             

             FrameTransformMatrix {
              0.441638,0.000052,0.897193,0.000000,-0.000118,1.000000,-0.000000,0.000000,-0.897193,-0.000105,0.441638,0.000000,-19.000000,-0.000019,-0.000074,1.000000;;
             }
            }
           }

           Frame L_Wrist {
            

            FrameTransformMatrix {
             0.995920,-0.047308,0.076843,0.000000,0.018536,0.940650,0.338873,0.000000,-0.088314,-0.336066,0.937689,0.000000,-1.484070,-4.061202,21.624132,1.000000;;
            }
           }

           Frame L_Pinky1 {
            

            FrameTransformMatrix {
             0.663342,-0.173676,0.727883,0.000000,-0.414666,0.724388,0.550740,0.000000,-0.622920,-0.667157,0.408500,0.000000,-10.300861,-20.742512,-0.451263,1.000000;;
            }

            Frame L_Pinky2 {
             

             FrameTransformMatrix {
              0.310597,0.000038,0.950540,0.000000,-0.000121,1.000000,-0.000000,0.000000,-0.950541,-0.000115,0.310598,0.000000,-19.000975,0.001574,-0.002414,1.000000;;
             }
            }
           }

           Frame L_Index1 {
            

            FrameTransformMatrix {
             0.855631,-0.137027,0.499119,0.000000,0.205225,0.975093,-0.084114,0.000000,-0.475162,0.174402,0.862441,0.000000,-12.764196,13.962992,13.273496,1.000000;;
            }

            Frame L_Index2 {
             

             FrameTransformMatrix {
              0.371071,0.000045,0.928603,0.000000,-0.000119,1.000000,-0.000000,0.000000,-0.928604,-0.000111,0.371072,0.000000,-20.000854,0.001625,-0.002439,1.000000;;
             }
            }
           }

           Frame L_Thumb1 {
            

            FrameTransformMatrix {
             0.866820,-0.063534,0.494557,0.000000,0.431669,-0.400819,-0.808087,0.000000,0.249569,0.913951,-0.320012,0.000000,1.422974,23.930418,-0.725445,1.000000;;
            }

            Frame L_Thumb2 {
             

             FrameTransformMatrix {
              0.334296,0.000041,0.942467,0.000000,-0.000119,1.000000,-0.000001,0.000000,-0.942467,-0.000112,0.334296,0.000000,-20.000935,0.001595,-0.002483,1.000000;;
             }
            }
           }
          }
         }
        }
       }
      }
     }
    }
   }

   Frame Pelvis {
    

    FrameTransformMatrix {
     1.000000,0.000086,-0.000086,0.000000,-0.000086,1.000000,0.000086,0.000000,0.000086,-0.000086,1.000000,0.000000,-0.000191,3.004547,-11.104918,1.000000;;
    }

    Frame R_Hip {
     

     FrameTransformMatrix {
      -0.756512,-0.550403,-0.353195,0.000000,-0.653868,0.646601,0.392893,0.000000,0.012127,0.528171,-0.849051,0.000000,-42.953594,-3.353760,-4.011719,1.000000;;
     }

     Frame R_KneeUpper {
      

      FrameTransformMatrix {
       1.000000,0.000118,-0.000382,0.000000,-0.000118,1.000000,0.000000,0.000000,0.000382,0.000000,1.000000,0.000000,50.021038,-0.000013,0.000003,1.000000;;
      }

      Frame R_KneeLower {
       

       FrameTransformMatrix {
        -0.022966,-0.000001,0.999736,0.000000,-0.000088,1.000000,-0.000001,0.000000,-0.999736,-0.000088,-0.022966,0.000000,0.000000,-0.000005,-0.000031,1.000000;;
       }

       Frame R_Foot {
        

        FrameTransformMatrix {
         0.179349,-0.549355,-0.816114,0.000000,0.610277,0.712785,-0.345686,0.000000,0.771619,-0.436057,0.463097,0.000000,33.036709,0.000021,-0.000104,1.000000;;
        }

        Frame R_Buffbone_Glb_Foot_Loc {
         

         FrameTransformMatrix {
          -0.000040,-1.000000,-0.000000,0.000000,-0.001452,-0.000000,0.999998,0.000000,-0.999998,0.000040,-0.001452,0.000000,-0.010059,-0.000009,-0.000021,1.000000;;
         }
        }

        Frame R_Toe {
         

         FrameTransformMatrix {
          0.292369,0.000004,-0.956305,0.000000,-0.000018,0.999999,-0.000001,0.000000,0.956306,0.000018,0.292369,0.000000,9.291967,-0.000168,-27.889910,1.000000;;
         }
        }
       }
      }
     }
    }

    Frame L_Hip {
     

     FrameTransformMatrix {
      0.111135,0.993711,0.013689,0.000000,-0.985315,0.108379,0.131938,0.000000,0.129625,-0.028151,0.991163,0.000000,42.953594,-3.353742,-4.011622,1.000000;;
     }

     Frame L_KneeUpper {
      

      FrameTransformMatrix {
       1.000000,0.000068,0.000382,0.000000,-0.000068,1.000000,-0.000000,0.000000,-0.000382,-0.000000,1.000000,0.000000,-60.398624,0.000143,-0.003971,1.000000;;
      }

      Frame L_KneeLower {
       

       FrameTransformMatrix {
        1.000000,0.000104,-0.000468,0.000000,-0.000104,1.000000,0.000000,0.000000,0.000468,0.000000,1.000000,0.000000,0.000000,0.000003,-0.000043,1.000000;;
       }

       Frame L_Foot {
        

        FrameTransformMatrix {
         0.720438,-0.104264,0.685636,0.000000,-0.044999,0.979523,0.196238,0.000000,-0.692057,-0.172231,0.700994,0.000000,-39.892597,-0.000013,0.000038,1.000000;;
        }

        Frame L_Buffbone_Glb_Foot_Loc {
         

         FrameTransformMatrix {
          -0.000214,-0.999999,0.000000,0.000000,0.000782,-0.000000,-0.999999,0.000000,1.000000,-0.000214,0.000782,0.000000,-0.010046,-0.000014,0.000000,1.000000;;
         }
        }

        Frame L_Toe {
         

         FrameTransformMatrix {
          0.292372,0.000003,-0.956305,0.000000,-0.000017,1.000000,-0.000003,0.000000,0.956305,0.000017,0.292372,0.000000,-9.291906,0.000125,27.890034,1.000000;;
         }
        }
       }
      }
     }
    }
   }
  }
 }

 Frame Model {
  

  FrameTransformMatrix {
   39.370079,0.000003,0.000001,0.000000,0.000001,-0.000011,-39.370079,0.000000,-0.000003,39.370079,-0.000011,0.000000,0.000056,0.000017,0.000019,1.000000;;
  }

  Mesh Model {
   5693;
   -26.235100;-81.785202;150.701996;,
   -24.998199;-76.428802;155.031006;,
   -23.509701;-87.939102;167.572998;,
   -35.672298;-76.370201;147.154999;,
   -39.886299;-63.618195;149.817993;,
   -35.705101;-55.815399;153.160004;,
   -25.677099;-60.530201;158.296997;,
   -24.607000;-50.800800;163.169006;,
   -25.529800;-73.744301;165.179993;,
   -32.717800;-86.839798;147.929993;,
   -45.463799;-78.415298;142.210999;,
   -42.842499;-69.481201;144.007004;,
   -49.180599;-71.671097;142.018997;,
   -55.381695;-55.678799;150.578995;,
   -54.225204;-77.637802;142.587006;,
   -60.610703;-74.966698;143.266998;,
   -58.952499;-69.770302;142.981995;,
   -64.265198;-61.320000;146.830002;,
   -62.270306;-55.355003;151.587006;,
   -52.591499;-46.784801;153.966995;,
   -69.334999;-59.139896;150.134995;,
   -63.100895;-54.038597;155.600006;,
   -44.470600;-33.453701;165.134003;,
   -43.255199;-39.521400;153.425003;,
   -43.744499;-47.533600;154.873001;,
   -68.285004;-58.028603;163.882996;,
   -58.884602;-47.329498;164.477997;,
   -74.033798;-64.032097;153.653000;,
   -78.894897;-71.272003;166.080002;,
   -70.247704;-60.703800;178.669998;,
   -59.158600;-47.421101;170.315994;,
   -78.972099;-72.488602;175.651993;,
   -77.525200;-70.585297;189.054001;,
   -74.235802;-63.740299;198.177002;,
   -60.691200;-44.458199;182.516998;,
   -51.182701;-34.161301;175.268005;,
   -43.204300;-26.107100;173.283997;,
   -34.904499;-30.931402;168.330002;,
   -33.821301;-35.798199;160.417999;,
   -68.378799;-51.206402;198.210999;,
   -60.940197;-42.432899;194.589996;,
   -52.403000;-35.498199;188.427002;,
   -41.906799;-25.488701;176.065994;,
   -36.802799;-26.758400;176.184998;,
   -69.075699;-49.779900;210.895996;,
   -67.148003;-42.612000;213.919006;,
   -65.562202;-41.493801;208.848999;,
   -53.052399;-37.599701;196.285004;,
   -43.238201;-34.333698;187.848007;,
   -52.936001;-38.081600;209.268005;,
   -39.814602;-39.002800;196.798996;,
   -36.451000;-37.464001;189.447998;,
   -29.243502;-31.188898;174.552994;,
   -28.141298;-33.793701;167.944000;,
   -46.332699;-37.650501;212.671005;,
   -36.464500;-40.777599;209.264008;,
   -32.210800;-40.785999;190.690002;,
   -26.162800;-36.636101;177.259995;,
   -27.163403;-39.467098;162.516998;,
   -45.997200;-40.319401;223.882004;,
   -39.932598;-38.529800;218.673004;,
   -24.680599;-40.654999;178.376007;,
   -25.599003;-46.180901;168.785004;,
   -24.324200;-50.247101;157.929993;,
   -30.953802;-46.909599;154.386993;,
   -30.566099;-43.508301;194.151001;,
   -34.393398;-53.510101;184.231995;,
   -26.987803;-56.283905;168.121002;,
   -32.210800;-40.785999;190.690002;,
   -36.464500;-40.777599;209.264008;,
   -41.566799;-44.538502;215.623993;,
   -45.326099;-56.550098;204.972000;,
   -42.598202;-63.696301;190.580994;,
   -34.034801;-64.095200;179.164993;,
   -39.932598;-38.529800;218.673004;,
   -45.997200;-40.319401;223.882004;,
   -52.094200;-56.019096;214.621994;,
   -52.948502;-68.549004;208.811005;,
   -46.073002;-64.983398;198.744995;,
   -42.876499;-76.306198;196.578995;,
   -29.665901;-78.304604;175.800003;,
   -26.283899;-93.826302;178.242996;,
   -25.771200;-102.037003;183.024994;,
   -47.819599;-76.433296;203.332993;,
   -44.367298;-86.869499;203.669006;,
   -39.060902;-89.832802;200.623001;,
   -32.265701;-86.767601;185.675003;,
   -30.526598;-95.186798;190.934006;,
   -31.135201;-99.883102;203.559998;,
   -52.689098;-76.502998;207.115005;,
   -78.972099;-72.488602;175.651993;,
   -75.137901;-77.020798;189.636993;,
   -77.525200;-70.585297;189.054001;,
   -65.191101;-85.991600;164.190994;,
   -59.264603;-91.868698;173.994995;,
   -60.408997;-90.027298;192.871002;,
   -57.876595;-80.286598;201.313995;,
   -66.056000;-66.585403;203.843002;,
   -74.235802;-63.740299;198.177002;,
   -78.894897;-71.272003;166.080002;,
   -66.339996;-82.103897;150.550003;,
   -56.310204;-91.179703;159.177002;,
   -33.410999;-105.397003;178.188995;,
   -51.303799;-97.623299;189.852005;,
   -65.625900;-76.533897;147.022003;,
   -60.610703;-74.966698;143.266998;,
   -54.225204;-77.637802;142.587006;,
   -46.285900;-95.749496;156.016006;,
   -74.033798;-64.032097;153.653000;,
   -69.334999;-59.139896;150.134995;,
   -32.717800;-86.839798;147.929993;,
   -30.100700;-97.391701;162.222000;,
   -28.820602;-104.401001;177.432999;,
   -31.135201;-99.883102;203.559998;,
   -41.928101;-101.745003;204.332993;,
   -48.736000;-98.578003;199.451996;,
   -26.235100;-81.785202;150.701996;,
   -26.199699;-94.421402;167.453995;,
   -25.771200;-102.037003;183.024994;,
   -23.509701;-87.939102;167.572998;,
   -69.075699;-49.779900;210.895996;,
   -57.558201;-68.488899;207.619995;,
   -54.802597;-42.270199;220.926010;,
   -67.148003;-42.612000;213.919006;,
   -45.997200;-40.319401;223.882004;,
   -52.094200;-56.019096;214.621994;,
   -49.095798;-88.270302;204.843994;,
   -52.689098;-76.502998;207.115005;,
   -52.948502;-68.549004;208.811005;,
   -44.367298;-86.869499;203.669006;,
   -61.781601;-39.443501;204.792007;,
   -52.639702;-31.816799;222.961990;,
   -67.362198;-37.874100;212.365997;,
   -42.271999;-33.591599;204.253006;,
   -31.514500;-31.658400;202.440002;,
   -37.337898;-29.769901;227.923996;,
   -28.777599;-32.048401;209.436005;,
   -27.418503;-34.420300;222.797012;,
   -29.648100;-33.517101;230.959000;,
   -50.777000;-38.344299;196.557999;,
   -36.727901;-33.830200;185.858002;,
   -28.346203;-31.977699;190.352997;,
   -13.057500;-36.524101;194.238998;,
   -18.697001;-35.291901;215.145981;,
   -24.389200;-38.166698;233.255981;,
   -27.451101;-33.902302;180.871002;,
   -11.608499;-39.598301;186.703995;,
   -2.043830;-30.449398;191.766006;,
   -0.436091;-21.411200;218.084000;,
   -9.207990;-24.360399;222.388000;,
   -17.227301;-28.233200;231.895981;,
   -20.678499;-33.848202;175.457993;,
   -9.254870;-36.399700;173.063004;,
   -2.266520;-32.726700;184.369003;,
   0.189822;-22.868299;198.009995;,
   0.840849;-23.803101;207.356003;,
   -14.450000;-30.211102;170.779999;,
   -8.523410;-30.631798;170.296997;,
   -3.556900;-29.820499;175.496002;,
   -3.970390;-14.410699;177.201996;,
   -0.532084;-10.935600;197.158005;,
   -0.495179;-3.067530;189.546997;,
   -2.270410;4.729260;210.304993;,
   -3.745610;-4.328220;216.309021;,
   -6.456540;-6.549200;225.813995;,
   -6.868490;-16.116699;229.214996;,
   -7.501980;4.694240;221.860992;,
   -66.345200;-28.497700;214.429993;,
   -67.362198;-37.874100;212.365997;,
   -52.639702;-31.816799;222.961990;,
   -50.109501;-18.410101;222.794006;,
   -62.784302;-13.565501;212.276001;,
   -42.533600;-10.802900;223.651993;,
   -48.495201;-4.824210;215.291016;,
   -60.494701;-7.851310;208.621002;,
   -35.741402;-21.255600;229.095993;,
   -27.597797;-14.521400;229.401978;,
   -21.233400;1.595000;222.602005;,
   -30.641102;-1.924320;221.056000;,
   -39.048199;-4.003310;219.936996;,
   -37.337898;-29.769901;227.923996;,
   -29.648100;-33.517101;230.959000;,
   -26.471600;-28.048597;232.218979;,
   -18.302000;-20.252701;231.449005;,
   -14.817099;-7.606080;227.914017;,
   -7.501980;4.694240;221.860992;,
   -20.655701;10.833300;215.337006;,
   -24.389200;-38.166698;233.255981;,
   -17.227301;-28.233200;231.895981;,
   -6.868490;-16.116699;229.214996;,
   -6.456540;-6.549200;225.813995;,
   -12.463200;7.632360;211.845993;,
   -7.501980;4.694240;221.860992;,
   -2.270410;4.729260;210.304993;,
   -20.442600;11.054100;210.488007;,
   -20.655701;10.833300;215.337006;,
   -24.142500;3.458670;211.438995;,
   -30.641102;-1.924320;221.056000;,
   -10.523100;5.060590;200.794006;,
   -17.031799;5.142380;190.789001;,
   -20.258499;1.169980;192.826004;,
   -27.676498;-7.851510;194.953995;,
   -30.130198;-2.374410;213.697006;,
   -39.048199;-4.003310;219.936996;,
   -0.495179;-3.067530;189.546997;,
   -3.970390;-14.410699;177.201996;,
   -7.985950;-15.834301;173.740005;,
   -16.787203;-7.351750;177.550995;,
   -8.523410;-30.631798;170.296997;,
   -16.019501;-15.566800;173.371002;,
   -21.010900;-13.134300;179.074005;,
   -14.450000;-30.211102;170.779999;,
   -22.181601;-28.278898;178.033997;,
   -28.074099;-16.226101;182.475006;,
   -40.219700;-16.805502;188.270996;,
   -44.826698;-10.349500;201.076996;,
   -42.300400;-5.102530;212.464005;,
   -48.495201;-4.824210;215.291016;,
   -20.678499;-33.848202;175.457993;,
   -27.451101;-33.902302;180.871002;,
   -36.727901;-33.830200;185.858002;,
   -54.559605;-33.263401;194.294006;,
   -56.474400;-14.315699;196.921997;,
   -60.494701;-7.851310;208.621002;,
   -50.777000;-38.344299;196.557999;,
   -61.781601;-39.443501;204.792007;,
   -66.416901;-34.757401;208.320999;,
   -60.522804;-21.150700;200.220001;,
   -62.784302;-13.565501;212.276001;,
   -66.345200;-28.497700;214.429993;,
   -67.362198;-37.874100;212.365997;,
   166.891998;46.846500;98.753998;,
   154.876007;33.737999;108.783997;,
   156.408005;38.087200;114.290993;,
   167.438004;49.158199;106.630997;,
   174.145996;49.125198;108.000999;,
   173.029007;44.746300;95.081802;,
   180.830994;44.696301;96.514397;,
   189.602005;31.496998;86.813103;,
   184.522995;27.687901;84.199699;,
   172.304993;39.556301;118.396004;,
   176.705002;44.119404;114.774002;,
   181.544006;41.984798;112.557007;,
   192.602997;28.042000;106.605003;,
   163.354996;32.013802;121.496002;,
   165.908005;27.281797;122.344002;,
   178.826996;37.998100;116.065994;,
   190.264999;22.176001;108.907997;,
   197.158005;20.209400;103.280998;,
   191.679993;25.765800;86.603798;,
   156.792007;25.243000;113.264999;,
   171.158005;14.439800;118.987991;,
   175.371002;26.224003;118.215004;,
   186.595993;12.031700;107.887001;,
   156.408005;38.087200;114.290993;,
   154.876007;33.737999;108.783997;,
   158.483994;25.271900;108.545998;,
   164.268005;11.590600;104.123001;,
   163.257996;10.658100;108.741989;,
   172.847000;5.683790;113.872002;,
   194.856003;12.420400;102.148003;,
   195.535004;17.234900;101.800003;,
   195.860001;19.788700;96.518097;,
   165.856003;0.519760;103.452003;,
   170.029007;2.476890;110.135002;,
   174.363998;2.659250;112.990005;,
   166.322006;0.955606;100.573997;,
   165.503006;-7.638480;97.504799;,
   165.388000;-19.921801;93.809898;,
   174.720001;-14.162301;105.558998;,
   161.923004;-19.347900;89.140900;,
   165.324005;-25.169800;89.129898;,
   170.319000;-25.190500;93.716599;,
   163.893997;-13.902000;90.991203;,
   159.035995;-20.703400;79.998001;,
   160.554993;-22.787701;80.792503;,
   198.869995;13.082400;98.584297;,
   192.876007;24.454901;83.085800;,
   189.966995;15.875301;77.846603;,
   187.246994;11.794300;78.224403;,
   200.733002;4.232240;92.750000;,
   195.843002;11.286899;78.421204;,
   186.024994;1.062250;71.889503;,
   197.100998;-4.925610;92.169098;,
   195.580994;-13.225000;84.848099;,
   193.960999;-14.419200;79.122200;,
   193.451004;0.221233;75.109200;,
   191.091003;-7.874470;70.869499;,
   177.389008;-11.411700;64.875702;,
   192.399002;-15.219099;86.027000;,
   193.414993;-18.713100;80.969200;,
   183.212997;-15.467301;65.591904;,
   177.108002;-25.648899;87.069199;,
   188.580002;-24.651400;78.414398;,
   181.005005;-19.868099;66.660004;,
   165.324005;-25.169800;89.129898;,
   171.417007;-22.137300;71.443001;,
   159.035995;-20.703400;79.998001;,
   160.554993;-22.787701;80.792503;,
   159.035995;-20.703400;79.998001;,
   163.893997;-13.902000;90.991203;,
   170.727005;-11.619600;81.070801;,
   174.718994;-4.020630;85.837402;,
   181.554001;-3.946900;77.465599;,
   177.389008;-11.411700;64.875702;,
   165.503006;-7.638480;97.504799;,
   174.970001;4.958460;91.881599;,
   183.279999;6.435730;83.656303;,
   186.024994;1.062250;71.889503;,
   166.322006;0.955606;100.573997;,
   181.018997;13.636200;87.783600;,
   187.246994;11.794300;78.224403;,
   164.268005;11.590600;104.123001;,
   169.572998;19.491301;99.450302;,
   176.285995;25.570499;94.225601;,
   184.522995;27.687901;84.199699;,
   158.483994;25.271900;108.545998;,
   162.417007;34.723598;103.799004;,
   171.167999;38.765900;97.704002;,
   173.029007;44.746300;95.081802;,
   154.876007;33.737999;108.783997;,
   166.891998;46.846500;98.753998;,
   -154.876007;33.737999;108.783997;,
   -166.891006;46.846500;98.753998;,
   -156.408005;38.087200;114.290993;,
   -167.438004;49.158199;106.630997;,
   -172.304993;39.556301;118.396004;,
   -163.354996;32.013802;121.496002;,
   -165.908005;27.281698;122.344002;,
   -156.792007;25.243000;113.264999;,
   -156.408005;38.087200;114.290993;,
   -174.145996;49.125198;108.000999;,
   -176.705002;44.119404;114.774002;,
   -178.826996;37.998100;116.065994;,
   -175.371002;26.223900;118.215004;,
   -171.158005;14.439701;118.987991;,
   -173.029007;44.746300;95.081802;,
   -180.830994;44.696301;96.514503;,
   -181.544006;41.984798;112.557007;,
   -192.602997;28.042000;106.605003;,
   -190.264008;22.176001;108.907997;,
   -189.602005;31.496998;86.813103;,
   -184.522995;27.687901;84.199799;,
   -191.679993;25.765800;86.603897;,
   -197.158005;20.209299;103.280998;,
   -186.595993;12.031600;107.887001;,
   -172.847000;5.683770;113.872002;,
   -163.257996;10.658100;108.741989;,
   -192.875000;24.454901;83.085800;,
   -195.860001;19.788603;96.518097;,
   -195.535004;17.234900;101.800003;,
   -194.856003;12.420400;102.148003;,
   -189.966995;15.875200;77.846603;,
   -195.843002;11.286899;78.421204;,
   -200.733002;4.232220;92.750099;,
   -198.869995;13.082400;98.584297;,
   -187.246994;11.794300;78.224503;,
   -186.024994;1.062230;71.889603;,
   -193.451004;0.221217;75.109299;,
   -193.960999;-14.419200;79.122299;,
   -195.580994;-13.225000;84.848099;,
   -197.100998;-4.925620;92.169098;,
   -191.091003;-7.874480;70.869499;,
   -183.212997;-15.467400;65.592003;,
   -193.414993;-18.713100;80.969200;,
   -192.399002;-15.219099;86.027100;,
   -174.720001;-14.162301;105.558998;,
   -177.388000;-11.411800;64.875801;,
   -181.005005;-19.868099;66.660004;,
   -188.580002;-24.651400;78.414497;,
   -177.108002;-25.648899;87.069298;,
   -171.417007;-22.137400;71.443100;,
   -165.324005;-25.169800;89.129898;,
   -170.319000;-25.190500;93.716698;,
   -159.035995;-20.703400;79.998100;,
   -160.554993;-22.787701;80.792603;,
   -154.876007;33.737999;108.783997;,
   -158.483994;25.271900;108.545998;,
   -164.268005;11.590600;104.123001;,
   -165.856003;0.519745;103.452003;,
   -166.322006;0.955590;100.573997;,
   -165.503006;-7.638500;97.504799;,
   -165.388000;-19.921801;93.809898;,
   -161.923004;-19.347900;89.140999;,
   -163.893997;-13.902000;90.991203;,
   -170.029007;2.476880;110.135002;,
   -165.324005;-25.169800;89.129898;,
   -160.554993;-22.787701;80.792603;,
   -159.035995;-20.703400;79.998100;,
   -174.363998;2.659240;112.990005;,
   -163.893997;-13.902000;90.991203;,
   -159.035995;-20.703400;79.998100;,
   -170.727005;-11.619600;81.070801;,
   -177.388000;-11.411800;64.875801;,
   -181.554001;-3.946920;77.465698;,
   -174.718994;-4.020650;85.837502;,
   -165.503006;-7.638500;97.504799;,
   -174.970001;4.958440;91.881599;,
   -166.322006;0.955590;100.573997;,
   -186.024994;1.062230;71.889603;,
   -183.279999;6.435710;83.656303;,
   -181.018997;13.636200;87.783600;,
   -164.268005;11.590600;104.123001;,
   -169.572998;19.491301;99.450302;,
   -158.483994;25.271900;108.545998;,
   -187.246994;11.794300;78.224503;,
   -184.522995;27.687901;84.199799;,
   -176.285995;25.570499;94.225700;,
   -162.417007;34.723598;103.799004;,
   -154.876007;33.737999;108.783997;,
   -166.891006;46.846500;98.753998;,
   -171.167999;38.765900;97.704002;,
   -173.029007;44.746300;95.081802;,
   47.175900;-34.817699;160.014999;,
   47.795502;-45.264801;162.744995;,
   40.519299;-34.817799;170.582001;,
   58.939503;-46.880901;157.343994;,
   60.894501;-55.712002;165.955994;,
   49.488499;-52.912601;170.203003;,
   63.565205;-58.944500;177.720001;,
   51.801399;-55.712101;180.389999;,
   41.854500;-45.264900;176.464005;,
   58.224094;-34.817699;154.192001;,
   71.323097;-45.264900;157.404007;,
   73.016197;-52.912800;164.860992;,
   75.329002;-55.712299;175.048996;,
   47.795700;-24.370701;162.744995;,
   58.939800;-22.754601;157.345001;,
   70.703499;-34.817902;154.673996;,
   81.627998;-40.849701;162.906006;,
   82.605499;-45.265202;167.212006;,
   83.940804;-46.881500;173.093994;,
   49.488998;-16.723200;170.203003;,
   60.895000;-13.924000;165.957001;,
   71.323303;-24.370899;157.404007;,
   81.270302;-34.818100;161.330994;,
   87.093002;-34.818401;172.378998;,
   41.854698;-24.370899;176.464005;,
   43.190102;-22.754898;182.345993;,
   51.801899;-13.924099;180.391006;,
   63.565701;-10.691900;177.720001;,
   73.016602;-16.723400;164.862000;,
   81.628197;-28.786602;162.906998;,
   40.037800;-34.818001;183.061996;,
   44.525398;-24.371099;188.227997;,
   54.114700;-16.723600;190.578995;,
   66.236397;-13.924400;189.483994;,
   75.329498;-13.924301;175.050003;,
   82.605698;-24.371201;167.212997;,
   45.502899;-28.786701;192.533997;,
   55.807800;-24.371502;198.037003;,
   68.191299;-22.755400;198.095993;,
   77.642303;-16.723700;185.238007;,
   83.941101;-22.755199;173.093994;,
   45.860600;-34.818298;194.110001;,
   56.427399;-34.818501;200.766006;,
   68.906799;-34.818699;201.248001;,
   79.335403;-24.371597;192.695007;,
   85.276398;-24.371502;178.975998;,
   45.502701;-40.849800;192.533005;,
   55.807503;-45.265396;198.035995;,
   44.525101;-45.265202;188.227997;,
   54.114300;-52.912998;190.578003;,
   43.189800;-46.881199;182.345993;,
   66.235901;-55.712399;189.483002;,
   77.641899;-52.913200;185.237000;,
   79.335098;-45.265598;192.695007;,
   86.253700;-40.850101;183.281998;,
   86.611603;-34.818600;184.858002;,
   79.955002;-34.818699;195.425003;,
   85.276100;-45.265396;178.975998;,
   86.253899;-28.787003;183.281998;,
   106.970001;-23.299101;166.419006;,
   90.718697;-11.018000;160.714996;,
   99.413696;-12.087500;161.955002;,
   78.692001;-17.718000;155.679993;,
   77.306900;-6.401380;152.507004;,
   68.676903;0.570776;149.401993;,
   72.918602;-14.457099;154.509995;,
   64.890701;-11.548900;155.016006;,
   61.560902;4.808930;149.548004;,
   81.402000;-26.978100;154.899002;,
   67.738998;-22.738003;155.899002;,
   60.152199;-7.826140;156.453003;,
   109.984001;-32.941200;167.255997;,
   93.287300;-34.007702;157.901993;,
   81.770599;-32.764900;153.167999;,
   72.092598;-30.376801;153.589005;,
   64.034698;-34.054401;154.037994;,
   62.249195;-20.684702;157.487000;,
   61.442299;-21.238899;163.964005;,
   109.411011;-43.542000;159.505005;,
   102.637001;-48.628300;150.276001;,
   95.725800;-49.039700;147.552994;,
   77.324898;-40.851200;146.328003;,
   73.025803;-47.762001;140.919006;,
   64.758102;-47.509796;145.589005;,
   65.234901;-43.803001;160.742004;,
   82.923798;-48.208698;140.162994;,
   65.480400;-51.569698;147.985001;,
   68.402000;-46.842800;182.242996;,
   62.370399;-27.354500;174.279999;,
   53.549500;2.510180;176.666000;,
   56.098305;-8.897390;196.621002;,
   62.984604;-34.674500;202.695999;,
   58.138100;-14.985501;203.302002;,
   72.388496;-62.866203;182.339005;,
   70.838203;-51.389099;201.951996;,
   65.736603;-39.909302;206.612000;,
   74.921898;-65.656303;174.307007;,
   72.346603;-60.497299;192.335007;,
   62.135700;-28.508099;207.272995;,
   75.225197;-39.045898;148.141006;,
   70.486000;-46.098301;153.781998;,
   69.823898;-41.211300;151.871994;,
   67.724403;-36.671001;161.656006;,
   67.724403;-36.671001;161.656006;,
   65.754303;-34.367298;148.154999;,
   69.823898;-41.211300;151.871994;,
   75.225197;-39.045898;148.141006;,
   62.135700;-28.508099;207.272995;,
   65.736603;-39.909302;206.612000;,
   70.299599;-25.934299;210.466003;,
   73.278397;-35.808201;209.570999;,
   96.770103;-20.486900;204.688004;,
   94.596901;-11.708700;203.244003;,
   67.232903;-13.334800;208.414993;,
   58.138100;-14.985501;203.302002;,
   78.911201;-49.320000;205.447006;,
   92.140701;-42.862900;203.365997;,
   102.186996;-48.419899;198.483994;,
   104.682999;-27.562302;194.565002;,
   111.761993;-16.382900;180.166000;,
   70.838203;-51.389099;201.951996;,
   76.467400;-58.231400;200.479004;,
   87.041496;-58.720100;199.360992;,
   72.346603;-60.497299;192.335007;,
   78.331299;-65.627701;193.061996;,
   85.619003;-65.371300;186.242004;,
   96.251198;-56.966099;191.401001;,
   107.051003;-50.752602;189.248993;,
   112.098000;-39.223801;183.401993;,
   72.388496;-62.866203;182.339005;,
   79.637100;-69.424301;179.632004;,
   86.448601;-66.802399;169.970001;,
   90.790199;-62.241600;183.126999;,
   94.874298;-57.804401;186.957001;,
   74.921898;-65.656303;174.307007;,
   79.362000;-68.910698;166.763000;,
   65.480400;-51.569698;147.985001;,
   74.801903;-61.028198;144.003006;,
   84.250198;-64.546799;155.018997;,
   64.758102;-47.509796;145.589005;,
   73.025803;-47.762001;140.919006;,
   83.232300;-59.397797;142.149994;,
   90.061096;-63.654900;156.227997;,
   82.923798;-48.208698;140.162994;,
   95.725800;-49.039700;147.552994;,
   94.746399;-60.523300;151.287003;,
   97.363998;-63.006901;151.673004;,
   90.436096;-65.560303;158.117004;,
   103.950996;-61.499802;153.598999;,
   96.663696;-63.070900;165.998001;,
   97.591499;-60.061100;180.565002;,
   99.888000;-57.033195;179.244995;,
   102.637001;-48.628300;150.276001;,
   109.411011;-43.542000;159.505005;,
   116.079002;-49.882301;170.720993;,
   108.377998;-53.978298;177.425995;,
   117.095001;-44.813000;171.731995;,
   109.984001;-32.941200;167.255997;,
   106.970001;-23.299101;166.419006;,
   104.523003;-6.914050;167.914993;,
   115.147011;-26.236700;178.477005;,
   99.413696;-12.087500;161.955002;,
   93.455498;-5.094840;164.121994;,
   98.427498;4.213480;174.395996;,
   106.875999;-5.048570;176.160995;,
   90.718697;-11.018000;160.714996;,
   88.679298;2.481240;160.313004;,
   89.496803;7.212140;166.419006;,
   90.777802;8.092430;170.212997;,
   83.983704;0.541545;193.302002;,
   101.477997;1.584390;179.985001;,
   85.120003;-0.244179;156.673996;,
   85.288399;10.996700;162.156006;,
   75.752899;7.986090;179.832001;,
   77.306900;-6.401380;152.507004;,
   73.888702;4.744250;151.639008;,
   75.220299;13.611901;158.893005;,
   62.590900;14.949400;168.710999;,
   60.169403;13.418000;177.332993;,
   67.813904;3.704750;196.313995;,
   68.676903;0.570776;149.401993;,
   64.733200;14.457800;150.072006;,
   60.065601;13.147700;155.897995;,
   55.574203;11.311600;166.466995;,
   54.998203;10.652800;175.837997;,
   61.560902;4.808930;149.548004;,
   53.549500;2.510180;176.666000;,
   56.253700;-0.229430;196.692993;,
   61.576801;5.243280;195.985001;,
   70.712700;-0.390718;202.160995;,
   89.536598;-6.829600;201.789001;,
   56.098305;-8.897390;196.621002;,
   64.177803;-2.115510;203.503006;,
   176.727005;25.776800;88.369598;,
   170.604004;24.502800;83.088203;,
   174.360992;30.793100;77.290802;,
   181.813004;33.146400;79.488602;,
   180.128006;30.042400;94.173401;,
   186.240005;39.456100;85.290901;,
   176.341995;37.719398;97.957199;,
   180.585007;36.704399;70.808601;,
   186.175995;40.300598;80.876297;,
   182.425003;48.032799;83.088402;,
   182.179001;47.074600;87.734001;,
   175.190994;52.361301;89.402802;,
   169.050995;43.578201;98.623199;,
   174.481995;34.337601;71.204903;,
   174.203995;38.563400;65.899101;,
   178.000000;40.614300;64.932297;,
   181.281006;43.959400;65.624702;,
   184.227005;42.386600;71.726997;,
   181.046005;49.888100;73.211502;,
   174.444000;54.436199;75.262299;,
   175.167999;53.129799;84.777603;,
   167.688995;50.135101;84.758499;,
   162.520004;42.987099;93.894897;,
   178.451004;49.588600;66.113503;,
   174.119995;53.635700;68.306900;,
   169.628006;51.676498;67.777603;,
   168.112000;51.826698;75.420700;,
   163.608002;44.284199;81.175903;,
   159.005005;38.692902;87.752602;,
   174.136002;46.485901;64.871201;,
   169.628006;51.676498;67.777603;,
   167.363998;47.443100;68.757103;,
   170.490005;42.856899;66.532303;,
   174.203995;38.563400;65.899101;,
   178.000000;40.614300;64.932297;,
   167.363998;47.443100;68.757103;,
   164.871994;45.937698;74.848602;,
   167.701996;36.452400;77.937599;,
   163.643005;31.033802;83.757500;,
   174.360992;30.793100;77.290802;,
   170.604004;24.502800;83.088203;,
   168.779007;38.999298;72.515602;,
   174.481995;34.337601;71.204903;,
   170.490005;42.856899;66.532303;,
   174.203995;38.563400;65.899101;,
   168.722000;26.103399;88.194199;,
