xof 0303txt 0032
template VertexDuplicationIndices {
 <b8d65549-d7c9-4995-89cf-53a9a8b031e3>
 DWORD nIndices;
 DWORD nOriginalVertices;
 array DWORD indices[nIndices];
}

template EffectParamDWord {
 <e13963bc-ae51-4c5d-b00f-cfa3a9d97ce5>
 STRING ParamName;
 DWORD Value;
}

template FVFData {
 <b6e70a0e-8ef9-4e83-94ad-ecc8b0c04897>
 DWORD dwFVF;
 DWORD nDWords;
 array DWORD data[nDWords];
}

template EffectFloats {
 <f1cfe2b3-0de3-4e28-afa1-155a750a282d>
 DWORD nFloats;
 array FLOAT Floats[nFloats];
}

template EffectString {
 <d55b097e-bdb6-4c52-b03d-6051c89d0e42>
 STRING Value;
}

template EffectDWord {
 <622c0ed0-956e-4da9-908a-2af94f3ce716>
 DWORD Value;
}

template EffectInstance {
 <e331f7e4-0559-4cc2-8e99-1cec1657928f>
 STRING EffectFilename;
 [...]
}

template AnimTicksPerSecond {
 <9e415a43-7ba6-4a73-8743-b73d47e88476>
 DWORD AnimTicksPerSecond;
}

template VertexElement {
 <f752461c-1e23-48f6-b9f8-8350850f336f>
 DWORD Type;
 DWORD Method;
 DWORD Usage;
 DWORD UsageIndex;
}

template DeclData {
 <bf22e553-292c-4781-9fea-62bd554bdd93>
 DWORD nElements;
 array VertexElement Elements[nElements];
 DWORD nDWords;
 array DWORD data[nDWords];
}

template EffectParamFloats {
 <3014b9a0-62f5-478c-9b86-e4ac9f4e418b>
 STRING ParamName;
 DWORD nFloats;
 array FLOAT Floats[nFloats];
}

template EffectParamString {
 <1dbc4c88-94c1-46ee-9076-2c28818c9481>
 STRING ParamName;
 STRING Value;
}


AnimTicksPerSecond {
 4800;
}

Frame {
 

 FrameTransformMatrix {
  1.000000,0.000000,0.000000,0.000000,0.000000,1.000000,0.000000,0.000000,0.000000,0.000000,1.000000,0.000000,0.000000,0.000000,0.000000,1.000000;;
 }

 Frame Armature {
  

  FrameTransformMatrix {
   39.370079,0.000000,-0.000000,0.000000,-0.000000,0.000002,-39.370075,0.000000,0.000000,39.370075,0.000002,0.000000,0.000000,0.000000,0.000000,1.000000;;
  }

  Frame Root {
   

   FrameTransformMatrix {
    0.989755,-0.140976,-0.022585,0.000000,0.141728,0.989246,0.036145,0.000000,0.017247,-0.038976,0.999091,0.000000,4.240231,-65.497673,66.170235,1.000000;;
   }

   Frame Spine1 {
    

    FrameTransformMatrix {
     0.103243,-0.953525,-0.283075,0.000000,0.994553,0.094872,0.043160,0.000000,-0.014298,-0.285990,0.958126,0.000000,-0.045576,19.236763,0.250600,1.000000;;
    }

    Frame Spine2 {
     

     FrameTransformMatrix {
      0.972359,0.182252,0.145952,0.000000,-0.179960,0.983250,-0.028867,0.000000,-0.148768,0.001803,0.988870,0.000000,-16.020662,-1.340027,-3.299899,1.000000;;
     }

     Frame Spine3 {
      

      FrameTransformMatrix {
       0.381549,-0.105733,0.918281,0.000000,0.190535,0.981098,0.033798,0.000000,-0.904498,0.162070,0.394483,0.000000,-18.436253,0.779285,-7.847713,1.000000;;
      }

      Frame C_Buffbone_Glb_Chest_Loc {
       

       FrameTransformMatrix {
        0.000000,1.000000,0.000000,0.000000,-1.000000,0.000000,0.000000,0.000000,0.000000,0.000000,1.000000,0.000000,7.563014,0.000000,-0.617153,1.000000;;
       }
      }

      Frame C_Neck {
       

       FrameTransformMatrix {
        0.965911,0.000072,-0.258873,0.000000,-0.000075,1.000000,-0.000000,0.000000,0.258873,0.000020,0.965911,0.000000,-12.789104,0.141509,0.787452,1.000000;;
       }

       Frame C_Head {
        

        FrameTransformMatrix {
         -0.329435,0.944144,-0.008077,0.000000,-0.878141,-0.303239,0.370019,0.000000,0.346902,0.128989,0.928989,0.000000,-15.299496,-1.166682,-6.111441,1.000000;;
        }

        Frame C_Jaw {
         

         FrameTransformMatrix {
          0.024638,-0.994487,0.101926,0.000000,-0.997296,-0.017391,0.071381,0.000000,-0.069215,-0.103409,-0.992227,0.000000,0.193566,-0.553601,-0.955996,1.000000;;
         }
        }

        Frame C_Head_R_Ear {
         

         FrameTransformMatrix {
          -0.640783,0.622745,-0.448982,0.000000,0.752318,0.392785,-0.528902,0.000000,-0.153018,-0.676689,-0.720192,0.000000,9.550937,-3.533856,6.305686,1.000000;;
         }
        }

        Frame C_Head_L_Ear {
         

         FrameTransformMatrix {
          0.850090,0.051786,-0.524084,0.000000,-0.365695,0.774151,-0.516680,0.000000,0.378963,0.630879,0.677036,0.000000,-10.627698,-2.828233,6.403312,1.000000;;
         }
        }
       }
      }

      Frame L_Clavicle {
       

       FrameTransformMatrix {
        0.029443,0.978654,0.203396,0.000000,-0.999172,0.034530,-0.021509,0.000000,-0.028074,-0.202595,0.978860,0.000000,-3.203493,-6.966935,-7.291646,1.000000;;
       }

       Frame L_Shoulder {
        

        FrameTransformMatrix {
         0.385145,-0.922835,0.006265,0.000000,0.332334,0.145027,0.931945,0.000000,-0.860940,-0.356852,0.362545,0.000000,-15.616298,-4.040034,3.400879,1.000000;;
        }

        Frame L_Elbow {
         

         FrameTransformMatrix {
          0.843631,-0.536923,-0.000000,0.000000,0.536923,0.843631,0.000000,0.000000,0.000000,-0.000000,1.000000,0.000000,-26.857807,0.000009,0.000000,1.000000;;
         }

         Frame L_Paw {
          

          FrameTransformMatrix {
           0.776014,-0.458965,-0.432612,0.000000,-0.370805,0.222854,-0.901576,0.000000,0.510201,0.860050,0.002751,0.000000,-48.175018,-0.000011,0.000008,1.000000;;
          }

          Frame L_PawToe {
           

           FrameTransformMatrix {
            0.815225,-0.437803,0.379127,0.000000,0.393545,0.899041,0.191955,0.000000,-0.424889,-0.007283,0.905216,0.000000,-7.449120,2.754926,-2.253174,1.000000;;
           }

           Frame L_PawToe_inner {
            

            FrameTransformMatrix {
             0.887275,-0.457315,0.060049,0.000000,0.461011,0.883391,-0.084184,0.000000,-0.014549,0.102378,0.994638,0.000000,-1.994767,6.370787,-2.420319,1.000000;;
            }
           }

           Frame L_PawToe_outer {
            

            FrameTransformMatrix {
             0.832181,0.554504,0.000237,0.000000,-0.495392,0.743275,0.449588,0.000000,0.249122,-0.374255,0.893235,0.000000,-1.166760,-7.942211,-5.769783,1.000000;;
            }
           }
          }
         }
        }
       }
      }

      Frame R_Clavicle {
       

       FrameTransformMatrix {
        0.115837,0.986825,0.112947,0.000000,0.851607,-0.157198,0.500054,0.000000,0.511222,0.038262,-0.858596,0.000000,-7.627473,5.978848,-6.237809,1.000000;;
       }

       Frame R_Shoulder {
        

        FrameTransformMatrix {
         0.155306,-0.962651,0.221774,0.000000,0.246699,0.255179,0.934892,0.000000,-0.956566,-0.090483,0.277116,0.000000,15.616322,4.039975,-3.400814,1.000000;;
        }

        Frame R_Elbow {
         

         FrameTransformMatrix {
          0.328187,-0.944613,-0.000000,0.000000,0.944613,0.328187,0.000000,0.000000,0.000000,-0.000000,1.000000,0.000000,26.857197,0.000011,-0.000007,1.000000;;
         }

         Frame R_Paw {
          

          FrameTransformMatrix {
           0.586867,-0.477166,-0.654140,0.000000,-0.566654,0.335029,-0.752767,0.000000,0.578351,0.812445,-0.073771,0.000000,48.175106,-0.000016,-0.000012,1.000000;;
          }

          Frame R_PawToe {
           

           FrameTransformMatrix {
            0.807951,-0.438260,0.393882,0.000000,0.393882,0.898848,0.192169,0.000000,-0.438260,-0.000120,0.898848,0.000000,7.449127,-2.754929,2.253184,1.000000;;
           }

           Frame R_PawToe_outer {
            

            FrameTransformMatrix {
             0.808969,0.587852,-0.000078,0.000000,-0.532730,0.733169,0.422682,0.000000,0.248532,-0.341896,0.906278,0.000000,1.166671,7.942723,5.770664,1.000000;;
            }
           }

           Frame R_PawToe_inner {
            

            FrameTransformMatrix {
             0.871853,-0.486074,-0.060047,0.000000,0.480661,0.872719,-0.085594,0.000000,0.094009,0.045764,0.994519,0.000000,1.995608,-6.370288,2.419240,1.000000;;
            }
           }
          }
         }
        }
       }
      }

      Frame R_Neck {
       

       FrameTransformMatrix {
        0.825832,0.037271,-0.562682,0.000000,0.005961,0.997181,0.074800,0.000000,0.563884,-0.065126,0.823282,0.000000,-13.566905,13.595600,1.373084,1.000000;;
       }

       Frame R_Head {
        

        FrameTransformMatrix {
         -0.034013,0.931054,-0.363295,0.000000,0.974028,-0.050539,-0.220715,0.000000,-0.223858,-0.361366,-0.905153,0.000000,-24.481693,0.879914,2.049038,1.000000;;
        }

        Frame R_Jaw {
         

         FrameTransformMatrix {
          0.000267,-0.994646,0.103343,0.000000,-0.999999,-0.000280,-0.000116,0.000000,0.000144,-0.103343,-0.994645,0.000000,0.423270,-0.030296,4.082660,1.000000;;
         }
        }

        Frame R_Head_R_Ear {
         

         FrameTransformMatrix {
          -0.438374,-0.787760,0.432738,0.000000,0.895832,-0.343906,0.281451,0.000000,-0.072895,0.511041,0.856460,0.000000,9.587412,2.465858,-6.460136,1.000000;;
         }
        }

        Frame R_Head_L_Ear {
         

         FrameTransformMatrix {
          0.499403,-0.611839,0.613392,0.000000,-0.847377,-0.492393,0.198760,0.000000,0.180420,-0.619034,-0.764359,0.000000,-11.959810,2.015103,-2.871788,1.000000;;
         }
        }
       }
      }

      Frame L_Neck {
       

       FrameTransformMatrix {
        0.940940,0.309101,-0.138157,0.000000,-0.316316,0.948073,-0.033180,0.000000,0.120727,0.074921,0.989854,0.000000,-13.566903,-13.596000,1.373084,1.000000;;
       }

       Frame L_Head {
        

        FrameTransformMatrix {
         0.407637,0.911529,0.054296,0.000000,-0.722692,0.285701,0.629357,0.000000,0.558165,-0.295788,0.775217,0.000000,-19.950605,1.702248,5.711378,1.000000;;
        }

        Frame L_Jaw {
         

         FrameTransformMatrix {
          0.027922,-0.993870,0.106977,0.000000,-0.997039,-0.020018,0.074253,0.000000,-0.071656,-0.108734,-0.991484,0.000000,-0.245582,0.782671,-1.443147,1.000000;;
         }
        }

        Frame L_Head_R_Ear {
         

         FrameTransformMatrix {
          -0.564445,0.268483,-0.780589,0.000000,0.801361,0.405091,-0.440135,0.000000,0.198040,-0.873967,-0.443804,0.000000,11.962089,-2.016004,2.872035,1.000000;;
         }
        }

        Frame L_Head_L_Ear {
         

         FrameTransformMatrix {
          0.713205,0.684526,-0.150875,0.000000,-0.673944,0.610472,-0.416080,0.000000,-0.192713,0.398432,0.896724,0.000000,-9.587431,-2.465805,6.460132,1.000000;;
         }
        }
       }
      }
     }
    }
   }

   Frame Pelvis {
    

    FrameTransformMatrix {
     0.319902,-0.940866,-0.111505,0.000000,0.947132,0.320625,0.011876,0.000000,0.024578,-0.109410,0.993693,0.000000,2.233372,-13.066492,-5.221952,1.000000;;
    }

    Frame L_Hip {
     

     FrameTransformMatrix {
      0.281552,0.312817,0.907124,0.000000,-0.585107,0.805244,-0.096080,0.000000,-0.760512,-0.503713,0.409749,0.000000,-1.461488,-10.177902,1.350002,1.000000;;
     }

     Frame L_Knee {
      

      FrameTransformMatrix {
       0.036258,0.477859,0.877688,0.000000,-0.472262,-0.765815,0.436459,0.000000,0.880712,-0.430324,0.197908,0.000000,-34.000488,-0.000005,0.000003,1.000000;;
      }

      Frame L_Ankle {
       

       FrameTransformMatrix {
        0.063443,-0.473895,0.878293,0.000000,0.453603,-0.770214,-0.448346,0.000000,0.888943,0.426841,0.166096,0.000000,-32.000599,-0.000003,-0.000008,1.000000;;
       }

       Frame L_Buffbone_Glb_Foot_Loc {
        

        FrameTransformMatrix {
         -0.000243,-0.867149,0.498049,0.000000,-0.000002,-0.498049,-0.867149,0.000000,0.999999,-0.000211,0.000120,0.000000,0.000010,0.000014,-0.000004,1.000000;;
        }
       }

       Frame L_Foot {
        

        FrameTransformMatrix {
         0.207183,-0.367684,-0.906578,0.000000,-0.071813,0.918469,-0.388918,0.000000,0.975663,0.145681,0.163887,0.000000,-10.000802,0.000015,0.000003,1.000000;;
        }

        Frame L_Toe {
         

         FrameTransformMatrix {
          0.835338,-0.291859,0.465864,0.000000,0.262687,0.956338,0.128114,0.000000,-0.482914,0.015358,0.875532,0.000000,-7.319497,2.694649,-5.174148,1.000000;;
         }
        }
       }
      }
     }
    }

    Frame R_Hip {
     

     FrameTransformMatrix {
      0.685250,-0.377629,0.622759,0.000000,0.715624,0.508003,-0.479390,0.000000,-0.135332,0.774163,0.618350,0.000000,-1.461479,10.178297,1.350002,1.000000;;
     }

     Frame R_Knee {
      

      FrameTransformMatrix {
       0.318399,-0.456564,0.830766,0.000000,0.479733,-0.678260,-0.556614,0.000000,0.817605,0.575771,0.003072,0.000000,-34.000008,-0.000002,-0.000011,1.000000;;
      }

      Frame R_Ankle {
       

       FrameTransformMatrix {
        0.345192,0.475393,0.809224,0.000000,-0.465514,-0.661960,0.587456,0.000000,0.814947,-0.579490,-0.007201,0.000000,-32.000008,0.000001,-0.000015,1.000000;;
       }

       Frame R_Buffbone_Glb_Foot_Loc {
        

        FrameTransformMatrix {
         -0.000092,-0.867219,-0.497927,0.000000,0.000052,-0.497927,0.867218,0.000000,-1.000000,0.000054,0.000091,0.000000,-0.000008,0.000008,0.000007,1.000000;;
        }
       }

       Frame R_Foot {
        

        FrameTransformMatrix {
         0.971183,0.203930,-0.123350,0.000000,-0.055288,0.696207,0.715709,0.000000,0.231832,-0.688265,0.687419,0.000000,-10.000008,0.000011,-0.000001,1.000000;;
        }

        Frame R_Toe {
         

         FrameTransformMatrix {
          -0.996971,0.018293,0.075590,0.000000,0.034175,0.976123,0.214524,0.000000,-0.069861,0.216458,-0.973790,0.000000,-9.320666,0.491318,-0.701704,1.000000;;
         }
        }
       }
      }
     }
    }

    Frame Tail1 {
     

     FrameTransformMatrix {
      -0.958687,0.208819,0.193166,0.000000,-0.213852,-0.976851,-0.005341,0.000000,0.187579,-0.046429,0.981152,0.000000,10.974895,0.012708,3.696530,1.000000;;
     }

     Frame Tail2 {
      

      FrameTransformMatrix {
       0.938736,-0.055705,-0.340107,0.000000,0.031941,0.996666,-0.075080,0.000000,0.343155,0.059617,0.937385,0.000000,-11.515554,-0.075914,1.611893,1.000000;;
      }

      Frame Tail3 {
       

       FrameTransformMatrix {
        0.942376,0.059800,-0.329167,0.000000,-0.059218,0.998175,0.011803,0.000000,0.329272,0.008370,0.944198,0.000000,-23.238174,-0.042043,0.480554,1.000000;;
       }

       Frame Tail4 {
        

        FrameTransformMatrix {
         0.931516,0.248981,0.265114,0.000000,-0.157683,0.933342,-0.322501,0.000000,-0.327739,0.258611,0.908684,0.000000,-26.030632,0.045584,-0.884270,1.000000;;
        }
       }
      }
     }
    }
   }
  }
 }

 Frame Model {
  

  FrameTransformMatrix {
   39.370079,0.000000,-0.000003,0.000000,-0.000003,-0.000006,-39.370075,0.000000,-0.000000,39.370079,-0.000006,0.000000,-0.000010,-0.000113,-0.000063,1.000000;;
  }

  Mesh Model {
   4032;
   33.839905;19.359001;23.284702;,
   34.873703;15.615502;34.280304;,
   38.863403;12.304202;21.880402;,
   39.226704;8.429962;32.289104;,
   -40.424202;12.178202;1.633270;,
   -44.102905;18.644102;1.077910;,
   -39.223305;16.383102;-0.397089;,
   -32.061905;12.523402;0.194391;,
   -31.475302;9.966361;2.323740;,
   -25.230501;14.023502;0.593561;,
   -24.115904;12.063202;2.629150;,
   -20.748503;15.562602;3.021380;,
   -27.859505;19.672802;0.481711;,
   -23.406403;18.304802;0.980222;,
   -20.546701;21.000402;0.515060;,
   -17.425102;17.647102;2.773590;,
   -17.124401;19.411802;3.063170;,
   -18.770203;22.376501;1.420870;,
   -14.834602;23.682102;2.035840;,
   -25.453203;21.613302;2.540500;,
   -23.263403;24.051304;2.677560;,
   -21.305502;24.616903;3.033731;,
   -17.943802;26.242304;1.777100;,
   -14.805102;27.577904;-0.396979;,
   -44.091003;18.456902;6.308491;,
   -44.102905;18.644102;1.077910;,
   -40.424202;12.178202;1.633270;,
   -40.728603;13.721702;11.266001;,
   -37.494102;10.302701;10.358402;,
   -38.433105;10.804302;13.806802;,
   -40.417706;15.155302;14.966402;,
   -38.863403;12.304202;21.880402;,
   -35.684402;20.602001;16.396603;,
   -33.839905;19.359001;23.284702;,
   -31.475302;9.966361;2.323740;,
   -30.754004;8.847962;10.413902;,
   -35.715405;6.652941;14.311501;,
   -35.606403;6.135811;20.811102;,
   -39.226704;8.429962;32.289104;,
   -34.873703;15.615502;34.280304;,
   -28.330103;9.893522;7.139171;,
   -26.449703;12.759702;11.571001;,
   -26.924704;9.816890;15.777502;,
   -31.657204;5.726030;13.877202;,
   -30.511303;5.027780;20.352001;,
   -24.115904;12.063202;2.629150;,
   -24.466204;12.676202;7.001301;,
   -22.401602;23.433802;6.372431;,
   -23.263403;24.051304;2.677560;,
   -25.453203;21.613302;2.540500;,
   -21.305502;24.616903;3.033731;,
   -20.861403;23.472101;5.928260;,
   -16.236403;25.557701;4.666130;,
   -17.943802;26.242304;1.777100;,
   -14.805102;27.577904;-0.396979;,
   -14.834602;23.682102;2.035840;,
   -19.930302;21.427202;7.245241;,
   -18.123102;20.284702;5.350350;,
   -17.124401;19.411802;3.063170;,
   -18.481503;18.462002;5.761130;,
   -17.425102;17.647102;2.773590;,
   -20.748503;15.562602;3.021380;,
   -20.937502;20.809801;8.295850;,
   -21.691202;16.109503;6.204331;,
   -24.115904;12.063202;2.629150;,
   -24.466204;12.676202;7.001301;,
   -22.849302;19.240103;9.700861;,
   -26.449703;12.759702;11.571001;,
   -26.528404;15.412002;14.471402;,
   -26.924704;9.816890;15.777502;,
   -26.865503;9.585090;20.701902;,
   -27.498404;16.626802;22.375603;,
   -9.178011;54.334908;87.364204;,
   -9.178011;54.334908;87.364204;,
   -7.252531;54.233109;86.256210;,
   -11.171401;54.868607;87.930405;,
   -34.523605;55.945305;79.780411;,
   -35.108402;58.420910;77.216805;,
   -31.844902;56.682606;80.779007;,
   -16.743301;34.537300;84.693008;,
   -22.748901;33.658802;82.339806;,
   -18.080301;38.210705;72.692604;,
   -31.669302;50.417007;63.125813;,
   -32.713703;41.984604;67.286011;,
   -34.543404;42.856205;71.702606;,
   -29.719404;54.904209;66.069008;,
   -28.242304;55.312508;61.253105;,
   -18.986002;58.623112;64.970009;,
   -20.092201;39.392002;74.815811;,
   -13.245402;55.092808;70.661606;,
   -11.119301;54.661106;65.761711;,
   -32.729702;44.705605;76.476204;,
   -30.551203;41.553505;82.307007;,
   -24.651104;46.415405;84.371811;,
   -13.427002;50.475906;85.049210;,
   -10.767001;51.566807;79.554306;,
   -21.930801;46.802402;88.936607;,
   -23.168802;43.099003;96.012512;,
   -18.347902;38.946003;99.810013;,
   -20.265303;44.213802;96.964417;,
   -21.799902;48.430408;95.856407;,
   -25.155903;49.224709;95.240906;,
   -27.011406;48.234707;94.484604;,
   -28.255001;45.416904;93.664108;,
   -30.802803;50.995308;92.731010;,
   -32.623703;47.840603;90.368507;,
   -22.074501;49.184906;98.304619;,
   -25.513704;52.142307;95.685509;,
   -27.331701;50.998409;95.407211;,
   -25.555904;58.749809;93.963104;,
   -33.093704;56.147713;90.107910;,
   -27.905706;65.205711;89.581406;,
   -33.302204;63.914207;88.753708;,
   -34.533604;58.520004;87.970306;,
   -34.796104;55.950603;86.176308;,
   -34.713505;57.360909;85.449104;,
   -36.094105;55.765209;85.188210;,
   -33.536903;67.102211;86.282509;,
   -34.885605;65.344604;85.043709;,
   -34.566505;63.164909;87.860405;,
   -34.445705;59.023109;86.761208;,
   -29.266705;68.945007;86.474106;,
   -33.177704;68.074509;84.538010;,
   -34.649403;65.923904;82.895111;,
   -34.877403;63.298607;83.813011;,
   -34.552105;62.562706;86.537811;,
   -35.016903;60.388702;85.807106;,
   -32.067303;76.639709;81.832008;,
   -34.889103;74.435806;80.786606;,
   -36.681404;70.702209;79.110504;,
   -36.181904;66.715309;80.543808;,
   -36.449703;63.301907;81.321205;,
   -36.433605;77.598610;77.867409;,
   -37.518105;73.135208;76.941711;,
   -36.900402;72.113907;75.935310;,
   -36.358604;69.943710;77.790009;,
   -35.990105;65.790710;79.332207;,
   -33.724102;81.191711;78.662407;,
   -36.423405;79.396606;76.633110;,
   -36.145504;77.905907;73.053108;,
   -37.591103;75.019310;74.815109;,
   -36.819004;73.782509;73.906105;,
   -35.482204;81.285805;76.476204;,
   -35.338703;80.654907;74.946609;,
   -34.237804;79.313705;72.144508;,
   -33.788204;77.812004;71.763908;,
   -35.474503;76.118309;72.396805;,
   -34.228405;82.577309;76.599808;,
   -33.536205;80.675606;73.199509;,
   -32.962105;79.098206;72.127205;,
   -32.599003;78.100510;72.101906;,
   -33.310005;77.078308;71.922005;,
   -34.340603;75.907906;72.301208;,
   -34.739304;74.548904;73.074005;,
   -35.512108;73.318710;73.925507;,
   -32.219803;77.058708;72.725204;,
   -35.502804;71.837509;75.383507;,
   -35.506805;69.755508;77.295006;,
   -35.423603;65.786209;78.882111;,
   -36.115803;62.075310;78.753807;,
   -36.894505;61.981407;79.402306;,
   -37.788902;60.985607;80.851807;,
   -36.781002;60.702808;83.100204;,
   -35.534500;61.031506;83.949211;,
   -37.210403;58.109509;83.587006;,
   -35.485302;58.670708;84.506508;,
   -37.376404;54.367310;83.689804;,
   -42.006805;37.051704;66.715309;,
   -41.070503;36.237804;71.553307;,
   -43.426704;40.988403;67.479607;,
   -44.544003;40.331703;62.489006;,
   -42.778202;42.499405;63.840408;,
   -40.607704;45.345604;65.669205;,
   -33.134804;73.254906;51.244606;,
   -31.654404;75.505211;53.223709;,
   -31.559702;75.245110;48.086208;,
   -34.494904;72.002205;53.684006;,
   -30.919302;73.485809;59.276505;,
   -34.813103;71.669609;58.224808;,
   -32.515705;72.577805;61.737305;,
   -30.811104;73.188408;62.219208;,
   -31.558907;71.985405;63.361107;,
   -30.355804;71.937408;63.795506;,
   -36.488304;70.316109;53.695007;,
   -36.184002;67.809509;59.195602;,
   -34.520905;71.780006;61.379505;,
   -34.859203;73.224007;64.096107;,
   -33.439304;73.143005;64.451805;,
   -35.714905;69.758209;51.453808;,
   -36.175602;67.666206;55.118404;,
   -36.495502;66.083611;56.095509;,
   -37.174202;63.788807;58.053604;,
   -36.941505;64.674904;61.401608;,
   -36.598904;65.592110;63.452908;,
   -35.091705;69.193008;63.990208;,
   -34.953503;72.190308;64.919807;,
   -36.565502;64.548607;55.374706;,
   -36.014805;62.872204;57.155006;,
   -35.044003;59.515102;61.486706;,
   -36.541203;60.496712;62.916004;,
   -36.904602;61.968910;64.824104;,
   -36.557705;64.351204;65.718910;,
   -37.077404;67.082405;65.650307;,
   -36.087006;68.191711;67.570305;,
   -36.130302;65.038208;67.705208;,
   -36.154602;55.882607;63.787609;,
   -36.709503;56.679611;65.973106;,
   -36.332302;59.400608;68.219604;,
   -36.577705;62.118507;66.796211;,
   -36.997803;63.202606;68.523811;,
   -38.113304;53.740513;67.408310;,
   -36.424103;56.846603;71.332504;,
   -34.830006;60.975307;69.832108;,
   -35.870205;62.560608;69.884209;,
   -37.998905;52.642509;63.611706;,
   -41.304504;48.823307;62.918907;,
   -41.261303;46.154602;62.681606;,
   -41.662903;47.443302;60.598309;,
   -39.136703;50.871506;62.450405;,
   -36.671005;63.429012;70.333107;,
   -36.275303;64.009010;69.255211;,
   -34.981102;57.733509;72.602707;,
   -35.162205;54.009308;75.646805;,
   -34.575104;73.515411;65.455307;,
   -29.073803;74.733009;51.244606;,
   -31.559702;75.245110;48.086208;,
   -31.654404;75.505211;53.223709;,
   -27.226704;74.647606;53.684006;,
   -30.919302;73.485809;59.276505;,
   -26.769104;74.597404;58.224911;,
   -24.615904;74.637306;53.695103;,
   -24.849705;73.712807;51.453808;,
   -23.152102;72.406410;55.118404;,
   -23.237803;72.521507;59.195602;,
   -21.889702;71.399605;56.095509;,
   -29.112803;73.816307;61.737305;,
   -27.064003;74.494110;61.379505;,
   -30.811104;73.188408;62.219208;,
   -29.465006;72.747505;63.361107;,
   -28.768604;74.843010;64.451805;,
   -27.733006;75.817810;64.096107;,
   -26.996304;75.086510;64.919807;,
   -24.963804;72.879211;63.990208;,
   -30.355804;71.937408;63.795506;,
   -28.137903;75.858406;65.455307;,
   -3.277380;47.793304;82.888908;,
   -2.915260;45.527405;81.209305;,
   -1.247030;46.201603;78.907310;,
   -0.918150;48.603008;76.737709;,
   -5.125521;52.907108;82.630104;,
   -5.825440;50.845306;84.626007;,
   -5.145600;52.964607;85.613411;,
   -0.102380;45.336803;74.014206;,
   -8.825031;52.294708;86.957108;,
   -7.907791;52.625507;86.011909;,
   -7.870091;53.541409;87.546707;,
   -8.825031;52.294708;86.957108;,
   -5.290050;54.346405;84.698204;,
   -7.436201;57.023109;83.336411;,
   -12.571202;59.900402;85.878906;,
   -5.825440;50.845306;84.626007;,
   -7.002461;56.350906;80.963005;,
   -10.644001;59.606609;81.537704;,
   -13.683802;62.990612;83.689804;,
   -15.564702;63.237305;85.188210;,
   -14.038202;59.281406;87.536606;,
   -13.129402;54.936005;90.368507;,
   -1.597410;49.539806;70.535011;,
   -7.822870;58.440006;76.460609;,
   -10.484001;59.804504;77.859711;,
   -12.698902;60.431808;79.692711;,
   -13.388102;62.999508;81.639610;,
   -2.274450;55.133709;66.673309;,
   -6.795641;57.042809;65.108406;,
   -10.394902;60.859612;73.109406;,
   -12.886602;61.677807;74.845604;,
   -13.021802;59.155109;78.160606;,
   -1.041260;51.082207;65.897011;,
   -2.678060;53.872005;60.739010;,
   -15.149902;61.293209;75.646805;,
   -16.007002;64.277908;71.332504;,
   -17.682503;64.029610;72.602707;,
   -19.882101;66.415909;69.832108;,
   -17.719002;66.175209;68.219604;,
   -19.278002;68.415009;66.796211;,
   -20.104202;68.299011;69.884209;,
   -13.017402;62.734802;67.277611;,
   -16.534702;64.901611;65.971008;,
   -18.931501;68.510605;64.824104;,
   -20.728502;70.112610;65.718910;,
   -19.653101;69.515511;68.523811;,
   -20.049002;69.478905;70.333107;,
   -9.713971;59.130009;61.750309;,
   -12.966402;61.365009;63.250309;,
   -15.631102;63.330208;63.765812;,
   -18.263502;67.149208;62.916004;,
   -8.193651;56.927204;61.442509;,
   -9.456271;57.467808;58.848309;,
   -11.816501;60.071609;61.765812;,
   -18.779501;65.434906;61.486706;,
   -19.894802;70.078011;58.053604;,
   -20.642603;70.607208;61.401608;,
   -21.494701;71.089607;63.452908;,
   -22.086102;72.538811;65.650307;,
   -21.497501;70.364006;67.705208;,
   -20.193703;68.630608;57.155006;,
   -20.849503;70.268806;55.374706;,
   -23.557802;72.751907;67.570305;,
   -20.724901;69.668907;69.255211;,
   -13.657402;62.856911;80.017006;,
   -14.932702;66.082909;81.176308;,
   -16.216501;65.750710;83.587006;,
   -15.366802;65.663910;79.432007;,
   -17.622002;68.325806;80.851807;,
   -18.212402;67.461311;83.100204;,
   -17.898703;65.071709;84.506508;,
   -17.648003;63.572212;85.449104;,
   -16.678202;62.545006;86.176407;,
   -18.947203;68.513710;79.402405;,
   -20.136803;69.239311;81.321205;,
   -21.339102;68.226204;83.813011;,
   -19.378502;66.911804;83.949211;,
   -19.361801;66.086708;85.807106;,
   -17.031502;65.758804;78.643211;,
   -19.624102;68.106110;78.758110;,
   -22.088701;70.850410;79.332207;,
   -22.536001;71.682007;80.543808;,
   -23.201302;70.090706;82.895111;,
   -22.519701;70.482811;78.882111;,
   -25.007404;73.577011;77.295006;,
   -24.475803;74.268707;77.790009;,
   -24.716105;75.057205;79.110504;,
   -25.711103;70.792107;84.538010;,
   -22.648102;69.798706;85.043709;,
   -25.455704;76.279411;75.935310;,
   -25.639004;77.458809;76.941711;,
   -28.489103;76.765305;80.786606;,
   -26.348804;75.169304;75.383507;,
   -27.293701;76.310005;73.925507;,
   -26.590704;77.505310;73.906105;,
   -26.794205;78.949104;74.815208;,
   -29.338802;80.180809;77.867409;,
   -32.067303;76.639709;81.832008;,
   -28.676403;76.755608;73.074005;,
   -29.122004;78.430405;72.396805;,
   -29.757006;80.231110;73.053108;,
   -30.502403;81.551704;76.633110;,
   -33.724102;81.191711;78.662407;,
   -29.855503;77.540306;72.301208;,
   -31.502506;78.643906;71.763908;,
   -32.123302;80.083206;72.144508;,
   -32.142105;81.818306;74.946609;,
   -32.437702;82.393906;76.476204;,
   -34.228405;82.577309;76.599808;,
   -31.397203;77.774506;71.922005;,
   -32.599003;78.100510;72.101906;,
   -32.962105;79.098206;72.127205;,
   -33.536205;80.675606;73.199509;,
   -32.219803;77.058708;72.725204;,
   -29.266705;68.945007;86.474106;,
   -24.811005;70.278206;86.282509;,
   -22.941402;67.685211;88.753708;,
   -21.491402;67.923805;87.860405;,
   -21.115301;67.453209;86.537811;,
   -27.905706;65.205711;89.581406;,
   -18.109001;61.601604;90.107910;,
   -18.530802;64.344505;87.970306;,
   -18.921602;64.673409;86.761208;,
   -25.555904;58.749809;93.963104;,
   -18.158602;56.621506;93.624008;,
   -14.945502;55.742706;91.838005;,
   -19.213102;53.953304;95.407211;,
   -17.681902;51.630306;94.484604;,
   -15.004302;52.819607;93.365410;,
   -14.945502;55.742706;91.838005;,
   -13.129402;54.936005;90.368507;,
   -14.918002;50.271206;93.664108;,
   -21.341002;53.661007;95.685509;,
   -19.739702;51.196007;95.240906;,
   -17.324402;45.226105;96.012512;,
   -22.074501;49.184906;98.304619;,
   -21.799902;48.430408;95.856407;,
   -20.265303;44.213802;96.964417;,
   -18.347902;38.946003;99.810013;,
   -14.491502;41.239304;94.442307;,
   -14.590202;46.380703;94.327309;,
   -18.161802;38.434803;97.567719;,
   -17.895502;37.703102;94.220711;,
   -6.341701;42.837303;79.856705;,
   -2.915260;45.527405;81.209305;,
   -2.147290;41.904102;84.087006;,
   -6.027091;36.994205;86.889610;,
   -11.578001;37.724705;82.339806;,
   -11.079602;36.313206;87.265709;,
   -12.098802;37.609905;91.340408;,
   -1.342720;36.730305;88.576805;,
   -2.025430;31.837006;93.599808;,
   -6.307641;34.688805;93.585609;,
   -9.546602;38.044704;94.330307;,
   -14.491502;41.239304;94.442307;,
   -7.697591;41.630005;95.611511;,
   -11.340601;48.830509;94.073006;,
   -14.590202;46.380703;94.327309;,
   -3.815420;34.481205;95.244408;,
   -2.829110;35.709602;94.470604;,
   -6.197911;43.159504;93.346710;,
   -1.886930;33.917603;93.277908;,
   -7.000051;43.414005;90.149704;,
   -10.311402;52.039707;89.651505;,
   -13.129402;54.936005;90.368507;,
   -14.918002;50.271206;93.664108;,
   -1.342720;36.730305;88.576805;,
   -1.756170;37.705006;90.072906;,
   -3.134950;43.809704;86.025909;,
   -8.825031;52.294708;86.957108;,
   -10.718201;51.477409;88.075607;,
   -11.171401;54.868607;87.930405;,
   -2.147290;41.904102;84.087006;,
   -2.915260;45.527405;81.209305;,
   -3.277380;47.793304;82.888908;,
   -5.825440;50.845306;84.626007;,
   -7.907791;52.625507;86.011909;,
   -9.178011;54.334908;87.364204;,
   -33.310005;77.078308;71.922005;,
   -32.219803;77.058708;72.725204;,
   -31.801504;75.909409;71.555405;,
   -32.897003;76.399506;71.019508;,
   -33.588005;75.475807;71.024910;,
   -34.340603;75.907906;72.301208;,
   -33.544605;73.821808;71.829811;,
   -34.739304;74.548904;73.074005;,
   -31.865204;74.318909;69.755905;,
   -31.722906;74.130608;71.714111;,
   -31.567104;73.067207;73.853706;,
   -32.054703;71.447311;73.316208;,
   -33.348705;71.254608;71.171806;,
   -34.642403;72.288910;72.499504;,
   -35.512108;73.318710;73.925507;,
   -31.801504;75.909409;71.555405;,
   -31.029306;73.787910;76.247711;,
   -35.502804;71.837509;75.383507;,
   -34.736504;70.014709;74.471107;,
   -35.506805;69.755508;77.295006;,
   -36.049805;67.974510;76.122108;,
   -35.423603;65.786209;78.882111;,
   -33.072903;69.389809;74.484711;,
   -34.770702;67.276306;71.926605;,
   -34.903202;66.066505;74.882507;,
   -34.629204;65.285309;77.228210;,
   -35.559002;63.089306;77.284004;,
   -36.115803;62.075310;78.753807;,
   -32.054703;71.447311;73.316208;,
   -31.567104;73.067207;73.853706;,
   -31.029306;73.787910;76.247711;,
   -29.680906;70.083008;79.309708;,
   -32.054703;71.447311;73.316208;,
   -33.072903;69.389809;74.484711;,
   -33.671303;67.002510;74.435509;,
   -32.191803;65.340607;77.476204;,
   -32.309402;63.385509;77.666306;,
   -34.502205;62.777512;76.034111;,
   -34.770004;60.834705;77.840904;,
   -36.020004;59.032711;77.543808;,
   -27.448303;63.949013;82.245010;,
   -35.108402;58.420910;77.216805;,
   -33.015003;60.687412;78.666710;,
   -32.835503;58.464409;79.274109;,
   -31.844902;56.682606;80.779007;,
   -25.278004;57.986107;83.253311;,
   -27.448303;63.949013;82.245010;,
   -32.309402;63.385509;77.666306;,
   -32.534103;53.015106;73.909904;,
   -31.256304;50.677109;74.590309;,
   -30.591702;53.867413;74.050911;,
   -32.764908;56.226303;72.082405;,
   -35.162205;54.009308;75.646805;,
   -34.981102;57.733509;72.602707;,
   -33.860603;59.246407;70.987404;,
   -34.830006;60.975307;69.832108;,
   -32.672504;60.931404;72.226006;,
   -30.682901;55.381210;72.050110;,
   -31.186705;57.375809;73.597206;,
   -32.885105;58.420403;71.415710;,
   -31.358803;58.675404;71.030609;,
   -31.844902;51.395607;79.925507;,
   -34.523605;55.945305;79.780411;,
   -31.844902;56.682606;80.779007;,
   -28.107203;51.852509;81.270607;,
   -27.759104;48.072006;77.962509;,
   -22.979403;51.670807;82.660011;,
   -21.281902;47.007202;78.755409;,
   -25.278004;57.986107;83.253311;,
   -16.883602;62.365807;79.780411;,
   -19.409502;61.208706;80.779007;,
   -18.026901;64.638107;77.216805;,
   -17.031502;65.758804;78.643211;,
   -17.721802;65.692711;77.543808;,
   -19.624102;68.106110;78.758110;,
   -19.837603;66.269608;77.840904;,
   -20.682402;68.503906;77.284004;,
   -22.519701;70.482811;78.882111;,
   -22.806301;69.588509;77.228210;,
   -23.446701;72.561707;76.122108;,
   -25.007404;73.577011;77.295006;,
   -18.026901;64.638107;77.216805;,
   -21.087402;65.028709;78.666710;,
   -23.362202;66.642006;77.666306;,
   -21.291702;67.585808;76.034111;,
   -19.795902;63.210407;79.274109;,
   -27.448303;63.949013;82.245010;,
   -19.409502;61.208706;80.779007;,
   -25.278004;57.986107;83.253311;,
   -23.362202;66.642006;77.666306;,
   -24.709003;68.064110;77.476204;,
   -24.643904;70.288208;74.435509;,
   -23.098602;70.363007;74.882507;,
   -23.977701;71.204605;71.926605;,
   -25.764103;73.280411;74.471107;,
   -26.348804;75.169304;75.383507;,
   -27.448303;63.949013;82.245010;,
   -29.680906;70.083008;79.309708;,
   -26.636805;71.732407;74.484711;,
   -28.739302;72.654007;73.316208;,
   -30.154106;73.581505;73.853706;,
   -31.029306;73.787910;76.247711;,
   -26.636805;71.732407;74.484711;,
   -27.624205;73.338211;71.171806;,
   -27.298002;74.962105;72.499504;,
   -27.293701;76.310005;73.925507;,
   -28.676403;76.755608;73.074005;,
   -29.124403;75.430710;71.829704;,
   -29.855503;77.540306;72.301208;,
   -28.739302;72.654007;73.316208;,
   -28.739302;72.654007;73.316208;,
   -30.154106;73.581505;73.853706;,
   -30.718304;74.496307;71.714111;,
   -30.730305;74.732010;69.755905;,
   -30.154205;76.725609;71.024910;,
   -31.397203;77.774506;71.922005;,
   -31.801504;75.909409;71.555405;,
   -31.029306;73.787910;76.247711;,
   -31.801504;75.909409;71.555405;,
   -32.219803;77.058708;72.725204;,
   -31.277302;76.989006;71.019508;,
   -17.031502;65.758804;78.643211;,
   -15.366802;65.663910;79.432007;,
   -16.883602;62.365807;79.780411;,
   -13.657402;62.856911;80.017006;,
   -12.698902;60.431808;79.692711;,
   -16.011002;57.158707;79.925507;,
   -19.409502;61.208706;80.779007;,
   -19.168001;55.106106;81.270607;,
   -25.278004;57.986107;83.253311;,
   -22.979403;51.670807;82.660011;,
   -13.021802;59.155109;78.160606;,
   -14.926502;56.908306;76.834908;,
   -17.004602;51.986309;77.962509;,
   -21.281902;47.007202;78.755409;,
   -15.149902;61.293209;75.646805;,
   -16.524101;58.842209;73.909904;,
   -16.000101;56.229908;74.590210;,
   -18.411503;61.450508;72.082405;,
   -18.560001;58.246613;74.050804;,
   -17.682503;64.029610;72.602707;,
   -19.513302;64.468407;70.987404;,
   -19.729702;63.208508;71.415710;,
   -20.359303;61.316711;73.597206;,
   -19.463102;59.464909;72.050110;,
   -19.882101;66.415909;69.832108;,
   -21.506502;64.995407;72.226006;,
   -21.062801;62.422802;71.030609;,
   -38.602303;35.346905;69.905609;,
   -41.070503;36.237804;71.553307;,
   -42.006805;37.051704;66.715309;,
   -36.768803;38.760303;66.372108;,
   -44.544003;40.331703;62.489006;,
   -36.319202;47.045605;63.279102;,
   -29.503103;43.717003;66.870110;,
   -32.155903;55.454311;62.366104;,
   -20.487803;44.825405;65.652611;,
   -42.778202;42.499405;63.840408;,
   -40.607704;45.345604;65.669205;,
   -41.261303;46.154602;62.681606;,
   -41.662903;47.443302;60.598309;,
   -39.136703;50.871506;62.450405;,
   -37.998905;52.642509;63.611706;,
   -36.154602;55.882607;63.787609;,
   -35.044003;59.515102;61.486706;,
   -31.967104;65.236710;56.630009;,
   -25.454504;58.471207;61.510708;,
   -36.014805;62.872204;57.155006;,
   -36.565502;64.548607;55.374706;,
   -36.495502;66.083611;56.095509;,
   -36.175602;67.666206;55.118404;,
   -33.980206;69.702209;53.146412;,
   -28.866404;67.845207;55.513607;,
   -35.714905;69.758209;51.453808;,
   -34.494904;72.002205;53.684006;,
   -32.320602;71.959206;51.711906;,
   -31.559702;75.245110;48.086208;,
   -33.134804;73.254906;51.244606;,
   -8.676981;54.022812;63.558613;,
   -6.795641;57.042809;65.108406;,
   -2.678060;53.872005;60.739010;,
   -4.048850;50.796108;64.145004;,
   -12.732302;50.053108;65.388008;,
   -12.961602;57.739902;62.174107;,
   -1.041260;51.082207;65.897011;,
   -2.651360;47.496002;69.015709;,
   -7.005701;43.832806;74.928207;,
   -18.080301;38.210705;72.692604;,
   -20.487803;44.825405;65.652611;,
   -19.815002;60.140411;62.134113;,
   -1.597410;49.539806;70.535011;,
   -25.454504;58.471207;61.510708;,
   -24.850704;67.285210;57.010311;,
   -18.779501;65.434906;61.486706;,
   -15.631102;63.330208;63.765812;,
   -28.866404;67.845207;55.513607;,
   -27.161306;72.671005;52.954906;,
   -23.152102;72.406410;55.118404;,
   -21.889702;71.399605;56.095509;,
   -20.849503;70.268806;55.374706;,
   -20.193703;68.630608;57.155006;,
   -31.559702;75.245110;48.086208;,
   -29.073803;74.733009;51.244606;,
   -27.226704;74.647606;53.684006;,
   -24.849705;73.712807;51.453808;,
   -12.966402;61.365009;63.250309;,
   -11.816501;60.071609;61.765812;,
   -9.456271;57.467808;58.848309;,
   -8.676981;54.022812;63.558613;,
   -8.193651;56.927204;61.442509;,
   -0.102380;45.336803;74.014206;,
   -1.247030;46.201603;78.907310;,
   -6.341701;42.837303;79.856705;,
   -11.578001;37.724705;82.339806;,
   -16.743301;34.537300;84.693008;,
   -11.079602;36.313206;87.265709;,
   -17.350403;36.205402;90.368706;,
   -2.915260;45.527405;81.209305;,
   -12.098802;37.609905;91.340408;,
   -17.895502;37.703102;94.220711;,
   -14.491502;41.239304;94.442307;,
   -27.590403;71.648506;63.931404;,
   -29.465006;72.747505;63.361107;,
   -30.355804;71.937408;63.795506;,
   -28.768604;74.843010;64.451805;,
   -28.137903;75.858406;65.455307;,
   -26.996304;75.086510;64.919807;,
   -24.963804;72.879211;63.990208;,
   -29.543406;69.705505;63.644108;,
   -25.346304;70.026611;65.410507;,
   -23.557802;72.751907;67.570305;,
   -21.497501;70.364006;67.705208;,
   -23.395102;67.207405;67.304108;,
   -20.724901;69.668907;69.255211;,
   -28.488804;66.807907;64.731606;,
   -27.072605;62.916908;66.915405;,
   -21.869701;65.800705;69.386108;,
   -20.049002;69.478905;70.333107;,
   -20.104202;68.299011;69.884209;,
   -19.882101;66.415909;69.832108;,
   -21.506502;64.995407;72.226006;,
   -22.573101;63.433804;69.679008;,
   -21.062801;62.422802;71.030609;,
   -26.137806;60.348507;68.736809;,
   -21.127901;60.142311;71.473305;,
   -20.359303;61.316711;73.597206;,
   -19.463102;59.464909;72.050110;,
   -25.116903;57.543602;69.821808;,
   -20.193703;58.257408;71.504906;,
   -18.560001;58.246613;74.050804;,
   -19.091301;55.851608;71.880005;,
   -17.323702;55.243412;72.869110;,
   -16.000101;56.229908;74.590210;,
   -23.052101;51.870609;71.177406;,
   -18.545301;50.999908;74.216606;,
   -17.004602;51.986309;77.962509;,
   -21.281902;47.007202;78.755409;,
   -21.284002;47.012802;75.272209;,
   -32.288506;69.938408;63.931404;,
   -34.575104;73.515411;65.455307;,
   -34.953503;72.190308;64.919807;,
   -33.439304;73.143005;64.451805;,
   -31.558907;71.985405;63.361107;,
   -30.355804;71.937408;63.795506;,
   -29.543406;69.705505;63.644108;,
   -35.091705;69.193008;63.990208;,
   -32.965103;67.253708;65.410507;,
   -28.488804;66.807907;64.731606;,
   -32.647602;63.839809;67.304108;,
   -27.072605;62.916908;66.915405;,
   -36.087006;68.191711;67.570305;,
   -36.130302;65.038208;67.705208;,
   -36.275303;64.009010;69.255211;,
   -32.911903;61.781708;69.386108;,
   -30.851702;60.420712;69.679008;,
   -26.137806;60.348507;68.736809;,
   -31.358803;58.675404;71.030609;,
   -29.843004;56.970303;71.473305;,
   -25.116903;57.543602;69.821808;,
   -36.671005;63.429012;70.333107;,
   -35.870205;62.560608;69.884209;,
   -34.830006;60.975307;69.832108;,
   -32.672504;60.931404;72.226006;,
   -31.186705;57.375809;73.597206;,
   -30.682901;55.381210;72.050110;,
