xof 0303txt 0032
template VertexDuplicationIndices {
 <b8d65549-d7c9-4995-89cf-53a9a8b031e3>
 DWORD nIndices;
 DWORD nOriginalVertices;
 array DWORD indices[nIndices];
}

template EffectParamDWord {
 <e13963bc-ae51-4c5d-b00f-cfa3a9d97ce5>
 STRING ParamName;
 DWORD Value;
}

template FVFData {
 <b6e70a0e-8ef9-4e83-94ad-ecc8b0c04897>
 DWORD dwFVF;
 DWORD nDWords;
 array DWORD data[nDWords];
}

template EffectFloats {
 <f1cfe2b3-0de3-4e28-afa1-155a750a282d>
 DWORD nFloats;
 array FLOAT Floats[nFloats];
}

template EffectString {
 <d55b097e-bdb6-4c52-b03d-6051c89d0e42>
 STRING Value;
}

template EffectDWord {
 <622c0ed0-956e-4da9-908a-2af94f3ce716>
 DWORD Value;
}

template EffectInstance {
 <e331f7e4-0559-4cc2-8e99-1cec1657928f>
 STRING EffectFilename;
 [...]
}

template AnimTicksPerSecond {
 <9e415a43-7ba6-4a73-8743-b73d47e88476>
 DWORD AnimTicksPerSecond;
}

template VertexElement {
 <f752461c-1e23-48f6-b9f8-8350850f336f>
 DWORD Type;
 DWORD Method;
 DWORD Usage;
 DWORD UsageIndex;
}

template DeclData {
 <bf22e553-292c-4781-9fea-62bd554bdd93>
 DWORD nElements;
 array VertexElement Elements[nElements];
 DWORD nDWords;
 array DWORD data[nDWords];
}

template EffectParamFloats {
 <3014b9a0-62f5-478c-9b86-e4ac9f4e418b>
 STRING ParamName;
 DWORD nFloats;
 array FLOAT Floats[nFloats];
}

template EffectParamString {
 <1dbc4c88-94c1-46ee-9076-2c28818c9481>
 STRING ParamName;
 STRING Value;
}


AnimTicksPerSecond {
 4800;
}

Frame {
 

 FrameTransformMatrix {
  1.000000,0.000000,0.000000,0.000000,0.000000,1.000000,0.000000,0.000000,0.000000,0.000000,1.000000,0.000000,0.000000,0.000000,0.000000,1.000000;;
 }

 Frame Armature {
  

  FrameTransformMatrix {
   39.370079,0.000000,-0.000000,0.000000,-0.000000,0.000002,-39.370075,0.000000,0.000000,39.370075,0.000002,0.000000,0.000000,0.000000,0.000000,1.000000;;
  }

  Frame Root {
   

   FrameTransformMatrix {
    -0.939916,0.327306,0.097100,0.000000,-0.267051,-0.882043,0.388181,0.000000,0.212700,0.338927,0.916453,0.000000,-3.395807,-4.972573,92.257141,1.000000;;
   }

   Frame Pelvis {
    

    FrameTransformMatrix {
     0.976066,-0.123844,0.178769,0.000000,0.126174,0.992007,-0.001678,0.000000,-0.177132,0.024194,0.983890,0.000000,0.403331,-0.055307,-3.611532,1.000000;;
    }

    Frame R_Skirt1 {
     

     FrameTransformMatrix {
      -0.973742,-0.018574,-0.226893,0.000000,0.118555,0.809473,-0.575063,0.000000,0.194345,-0.586863,-0.786016,0.000000,-12.952400,12.129404,-5.047386,1.000000;;
     }

     Frame R_Skirt2 {
      

      FrameTransformMatrix {
       0.982099,-0.176659,-0.065371,0.000000,0.153853,0.952529,-0.262710,0.000000,0.108678,0.247950,0.962658,0.000000,15.661288,-0.000057,0.086507,1.000000;;
      }
     }
    }

    Frame R_Hip {
     

     FrameTransformMatrix {
      -0.282295,-0.597412,-0.750605,0.000000,-0.853484,-0.200860,0.480853,0.000000,-0.438035,0.776372,-0.453180,0.000000,-8.663822,1.861526,-6.492458,1.000000;;
     }

     Frame R_KneeUpper {
      

      FrameTransformMatrix {
       1.000000,0.000114,-0.000382,0.000000,-0.000114,1.000000,0.000042,0.000000,0.000382,-0.000042,1.000000,0.000000,35.264011,0.000003,0.000011,1.000000;;
      }

      Frame R_KneeLower {
       

       FrameTransformMatrix {
        -0.042253,0.000039,0.999107,0.000000,-0.000093,1.000000,-0.000043,0.000000,-0.999107,-0.000095,-0.042253,0.000000,0.000002,0.000002,0.000008,1.000000;;
       }

       Frame R_Foot {
        

        FrameTransformMatrix {
         -0.077781,-0.980221,0.181982,0.000000,0.383659,-0.197907,-0.902019,0.000000,0.920193,-0.000341,0.391464,0.000000,40.109421,-0.000109,0.000010,1.000000;;
        }

        Frame R_Toe {
         

         FrameTransformMatrix {
          1.000000,0.000092,0.000000,0.000000,-0.000092,1.000000,0.000086,0.000000,0.000000,-0.000086,1.000000,0.000000,0.019563,8.018734,10.861306,1.000000;;
         }
        }
       }
      }
     }
    }

    Frame L_Hip {
     

     FrameTransformMatrix {
      0.034037,0.825013,0.564088,0.000000,-0.794453,-0.320108,0.516115,0.000000,0.606371,-0.465709,0.644538,0.000000,8.663780,1.861526,-6.492474,1.000000;;
     }

     Frame L_KneeUpper {
      

      FrameTransformMatrix {
       1.000000,0.000056,0.000000,0.000000,-0.000056,1.000000,0.000046,0.000000,0.000000,-0.000046,1.000000,0.000000,-37.045918,0.000010,-0.000012,1.000000;;
      }

      Frame L_KneeLower {
       

       FrameTransformMatrix {
        0.949573,0.000138,0.313547,0.000000,-0.000130,1.000000,-0.000047,0.000000,-0.313547,0.000004,0.949573,0.000000,0.000000,0.000000,-0.000015,1.000000;;
       }

       Frame L_Foot {
        

        FrameTransformMatrix {
         0.063577,-0.997335,0.035776,0.000000,-0.016689,-0.036906,-0.999179,0.000000,0.997837,0.062927,-0.018991,0.000000,-42.067482,0.000054,-0.000007,1.000000;;
        }

        Frame L_Toe {
         

         FrameTransformMatrix {
          1.000000,0.000086,0.000000,0.000000,-0.000086,1.000000,0.000086,0.000000,0.000000,-0.000086,1.000000,0.000000,-0.019589,-8.018740,-10.861220,1.000000;;
         }
        }
       }
      }
     }
    }
   }

   Frame Spine1 {
    

    FrameTransformMatrix {
     0.932721,0.326980,-0.152037,0.000000,-0.319322,0.944829,0.073019,0.000000,0.167525,-0.019558,0.985674,0.000000,1.016499,-0.139840,9.750084,1.000000;;
    }

    Frame Spine2 {
     

     FrameTransformMatrix {
      0.941338,0.313943,-0.123781,0.000000,-0.335649,0.909012,-0.247057,0.000000,0.034956,0.274111,0.961063,0.000000,0.592321,0.024251,12.164825,1.000000;;
     }

     Frame R_Clavicle {
      

      FrameTransformMatrix {
       -0.946594,-0.246193,0.208205,0.000000,-0.220886,0.965559,0.137484,0.000000,-0.234883,0.084152,-0.968374,0.000000,-2.310111,1.997822,14.002693,1.000000;;
      }

      Frame R_Shoulder {
       

       FrameTransformMatrix {
        -0.240374,0.209254,0.947857,0.000000,-0.970567,-0.036849,-0.237997,0.000000,-0.014874,-0.977167,0.211952,0.000000,9.329453,1.644530,1.682945,1.000000;;
       }

       Frame R_Shoulder_RBF2 {
        

        FrameTransformMatrix {
         1.000000,0.000000,0.000000,0.000000,0.000000,0.999999,0.000000,0.000000,0.000000,0.000000,1.000000,0.000000,-0.000008,-0.000005,0.000004,1.000000;;
        }
       }

       Frame R_Shoulder_RBF1 {
        

        FrameTransformMatrix {
         1.000000,0.000000,0.000000,0.000000,0.000000,0.999999,0.000000,0.000000,0.000000,0.000000,1.000000,0.000000,-0.000008,-0.000005,0.000004,1.000000;;
        }
       }

       Frame R_Elbow {
        

        FrameTransformMatrix {
         0.788082,-0.615570,-0.000000,0.000000,0.615570,0.788082,0.000000,0.000000,0.000000,-0.000000,1.000000,0.000000,21.793221,-0.000013,0.000015,1.000000;;
        }

        Frame R_Cuff1 {
         

         FrameTransformMatrix {
          0.990471,0.071026,-0.117992,0.000000,-0.070528,0.997474,0.008395,0.000000,0.118290,0.000007,0.992979,0.000000,15.991320,0.644886,-0.846352,1.000000;;
         }
        }

        Frame R_Hand {
         

         FrameTransformMatrix {
          0.920319,-0.120477,-0.372154,0.000000,-0.209236,0.652226,-0.728575,0.000000,0.330505,0.748389,0.575048,0.000000,21.944820,-0.000012,0.000035,1.000000;;
         }

         Frame R_WEAPON {
          

          FrameTransformMatrix {
           0.813818,-0.527505,0.243800,0.000000,0.473568,0.358862,-0.804333,0.000000,0.336799,0.770037,0.541858,0.000000,10.466690,-1.467678,7.173034,1.000000;;
          }
         }

         Frame R_Thumb1 {
          

          FrameTransformMatrix {
           0.173694,-0.652229,0.737853,0.000000,0.761354,-0.386292,-0.520691,0.000000,0.624636,0.652208,0.429481,0.000000,2.642612,-3.825859,1.462788,1.000000;;
          }

          Frame R_Thumb2 {
           

           FrameTransformMatrix {
            0.744230,0.000083,0.667923,0.000000,-0.000111,1.000000,0.000000,0.000000,-0.667923,-0.000075,0.744230,0.000000,3.413315,-0.000006,-0.000004,1.000000;;
           }
          }
         }

         Frame R_Ring1 {
          

          FrameTransformMatrix {
           0.704812,0.302238,0.641788,0.000000,0.535681,0.366350,-0.760811,0.000000,-0.465065,0.880023,0.096304,0.000000,6.106520,0.115575,0.149517,1.000000;;
          }

          Frame R_Ring2 {
           

           FrameTransformMatrix {
            0.620744,-0.784013,0.000001,0.000000,0.758166,0.600280,0.254652,0.000000,-0.199651,-0.158073,0.967033,0.000000,4.515681,-0.000042,-0.000021,1.000000;;
           }
          }
         }
        }
       }
      }
     }

     Frame L_Clavicle {
      

      FrameTransformMatrix {
       -0.949059,-0.208375,-0.236360,0.000000,0.246121,-0.958611,-0.143141,0.000000,-0.196751,-0.194022,0.961064,0.000000,2.310111,1.997844,14.002612,1.000000;;
      }

      Frame L_Shoulder {
       

       FrameTransformMatrix {
        0.269054,-0.158606,0.949976,0.000000,-0.252306,0.940294,0.228449,0.000000,-0.929490,-0.301150,0.212973,0.000000,-9.329444,-1.644528,-1.682868,1.000000;;
       }

       Frame L_Shoulder_RBF2 {
        

        FrameTransformMatrix {
         1.000000,0.000000,0.000000,0.000000,0.000000,1.000000,0.000000,0.000000,0.000000,0.000000,1.000000,0.000000,0.000008,0.000001,-0.000006,1.000000;;
        }
       }

       Frame L_Shoulder_RBF1 {
        

        FrameTransformMatrix {
         1.000000,0.000000,0.000000,0.000000,0.000000,1.000000,0.000000,0.000000,0.000000,0.000000,1.000000,0.000000,0.000008,0.000001,-0.000006,1.000000;;
        }
       }

       Frame L_Elbow {
        

        FrameTransformMatrix {
         0.829406,-0.558646,-0.000000,0.000000,0.558646,0.829406,0.000000,0.000000,0.000000,-0.000000,1.000000,0.000000,-21.792908,-0.000011,-0.000002,1.000000;;
        }

        Frame L_Cuff1 {
         

         FrameTransformMatrix {
          0.990471,0.071026,-0.117992,0.000000,-0.070528,0.997474,0.008395,0.000000,0.118290,0.000007,0.992979,0.000000,-15.991501,-0.644930,0.846268,1.000000;;
         }
        }

        Frame L_Hand {
         

         FrameTransformMatrix {
          0.716814,0.522782,-0.461385,0.000000,-0.659381,0.723382,-0.204781,0.000000,0.226702,0.451019,0.863243,0.000000,-21.945307,0.000000,0.000013,1.000000;;
         }

         Frame L_WEAPON {
          

          FrameTransformMatrix {
           -0.838370,0.473418,-0.270204,0.000000,-0.434382,-0.280762,0.855853,0.000000,0.329313,0.834894,0.441027,0.000000,-11.354766,1.183608,-6.301563,1.000000;;
          }
         }

         Frame L_Thumb1 {
          

          FrameTransformMatrix {
           0.344284,-0.660269,0.667468,0.000000,0.836994,-0.106222,-0.536803,0.000000,0.425334,0.743480,0.516070,0.000000,-2.642551,3.825856,-1.462787,1.000000;;
          }

          Frame L_Thumb2 {
           

           FrameTransformMatrix {
            1.000000,0.000086,-0.000002,0.000000,-0.000086,0.999999,0.000000,0.000000,0.000002,0.000000,1.000000,0.000000,-3.413311,0.000000,-0.000008,1.000000;;
           }
          }
         }

         Frame L_Ring1 {
          

          FrameTransformMatrix {
           0.712400,0.196649,0.673658,0.000000,0.599431,0.328653,-0.729842,0.000000,-0.364922,0.923751,0.116255,0.000000,-6.106460,-0.115572,-0.149513,1.000000;;
          }

          Frame L_Ring2 {
           

           FrameTransformMatrix {
            0.488749,-0.869159,-0.075420,0.000000,0.851496,0.456417,0.258142,0.000000,-0.189943,-0.190387,0.963158,0.000000,-4.515760,0.000015,-0.000008,1.000000;;
           }
          }
         }
        }
       }
      }
     }

     Frame Neck {
      

      FrameTransformMatrix {
       0.958736,-0.147417,0.243090,0.000000,0.071084,0.952200,0.297091,0.000000,-0.275266,-0.267552,0.923387,0.000000,0.000001,0.000005,17.470501,1.000000;;
      }

      Frame Head {
       

       FrameTransformMatrix {
        0.966024,-0.202433,-0.160682,0.000000,0.020026,0.678469,-0.734356,0.000000,0.257676,0.706188,0.659471,0.000000,0.000001,0.000002,5.425644,1.000000;;
       }

       Frame F_Hair1 {
        

        FrameTransformMatrix {
         0.686836,0.052484,0.724915,0.000000,-0.020855,0.998402,-0.052524,0.000000,-0.726513,0.020957,0.686833,0.000000,-5.361499,-6.603870,6.493664,1.000000;;
        }

        Frame F_Hair2 {
         

         FrameTransformMatrix {
          0.976234,-0.110948,0.186167,0.000000,0.106029,0.993704,0.036202,0.000000,-0.189011,-0.015603,0.981851,0.000000,-9.262343,-0.000008,0.000006,1.000000;;
         }
        }
       }

       Frame C_Hair1 {
        

        FrameTransformMatrix {
         -0.438990,-0.867907,-0.232432,0.000000,0.886941,-0.459943,0.042290,0.000000,-0.143610,-0.187588,0.971693,0.000000,-0.000057,7.327862,8.292645,1.000000;;
        }

        Frame C_Hair2 {
         

         FrameTransformMatrix {
          0.191960,0.755224,0.626727,0.000000,-0.672111,0.566508,-0.476797,0.000000,-0.715135,-0.329704,0.616342,0.000000,-15.696195,0.000002,0.000023,1.000000;;
         }

         Frame C_Hair3 {
          

          FrameTransformMatrix {
           0.849588,-0.519687,-0.090137,0.000000,0.492977,0.843151,-0.214640,0.000000,0.187545,0.137920,0.972525,0.000000,-16.717913,-0.000002,-0.000008,1.000000;;
          }
         }
        }
       }

       Frame Hat {
        

        FrameTransformMatrix {
         1.000000,0.000078,-0.000000,0.000000,-0.000077,0.979932,0.199334,0.000000,0.000016,-0.199334,0.979932,0.000000,0.000002,-2.911094,16.742714,1.000000;;
        }
       }
      }
     }
    }
   }
  }
 }

 Frame Model {
  

  FrameTransformMatrix {
   39.370079,0.000000,-0.000003,0.000000,-0.000003,-0.000006,-39.370079,0.000000,-0.000000,39.370079,-0.000006,0.000000,0.000000,-0.000526,0.000009,1.000000;;
  }

  Mesh Model {
   5038;
   101.606003;2.477460;113.846001;,
   101.606003;3.835990;113.846001;,
   103.335999;2.477460;115.681999;,
   103.335999;3.835990;115.681999;,
   101.467003;3.835990;117.313995;,
   101.467003;2.477460;117.313995;,
   101.606003;2.477460;113.846001;,
   97.916397;2.477460;116.692009;,
   99.597000;2.477460;118.674011;,
   101.606003;3.835990;113.846001;,
   97.916397;3.835990;116.692009;,
   99.597000;3.835990;118.674011;,
   97.916397;3.835990;116.692009;,
   97.916397;2.477460;116.692009;,
   94.341698;2.242390;116.425995;,
   94.341698;3.980260;116.425995;,
   94.695099;2.242390;118.322998;,
   94.695099;3.980260;118.322998;,
   95.696098;2.242390;119.698997;,
   95.696098;3.980260;119.698997;,
   97.384804;3.980260;120.960999;,
   97.384804;2.242390;120.960999;,
   98.272102;3.980260;120.327003;,
   98.272102;2.242380;120.327003;,
   97.977898;3.980260;121.530998;,
   97.977898;2.242380;121.530998;,
   97.938698;2.242380;124.174004;,
   97.938698;3.980260;124.174004;,
   98.705200;2.242380;125.514992;,
   98.705200;3.980260;125.514992;,
   96.286598;2.242380;125.922997;,
   96.286598;3.980260;125.922997;,
   96.048698;2.242380;124.530998;,
   96.048698;3.980260;124.530998;,
   96.077499;2.242380;122.563011;,
   96.077499;3.980260;122.563011;,
   93.905296;2.242380;124.665001;,
   93.905296;3.980260;124.665001;,
   91.898003;2.242380;123.094002;,
   91.898003;3.980260;123.094002;,
   92.927299;2.242380;121.996002;,
   92.927299;3.980260;121.996002;,
   93.890297;2.242380;122.730011;,
   93.890297;3.980260;122.730011;,
   94.870598;3.980260;121.700989;,
   94.870598;2.242380;121.700989;,
   93.701698;2.242390;120.501007;,
   93.701698;3.980260;120.501007;,
   92.878799;2.242390;119.200996;,
   92.878799;3.980260;119.200996;,
   92.543098;3.980260;117.055000;,
   92.543098;2.242390;117.055000;,
   91.898003;2.242380;123.094002;,
   92.927299;2.242380;121.996002;,
   93.890297;2.242380;122.730011;,
   93.905296;2.242380;124.665001;,
   96.077499;2.242380;122.563011;,
   94.870598;2.242380;121.700989;,
   97.384804;2.242390;120.960999;,
   97.977898;2.242380;121.530998;,
   97.938698;2.242380;124.174004;,
   96.048698;2.242380;124.530998;,
   96.286598;2.242380;125.922997;,
   98.705200;2.242380;125.514992;,
   95.696098;2.242390;119.698997;,
   93.701698;2.242390;120.501007;,
   94.695099;2.242390;118.322998;,
   92.878799;2.242390;119.200996;,
   92.543098;2.242390;117.055000;,
   94.341698;2.242390;116.425995;,
   98.272102;2.242380;120.327003;,
   94.341698;3.980260;116.425995;,
   92.543098;3.980260;117.055000;,
   94.695099;3.980260;118.322998;,
   92.878799;3.980260;119.200996;,
   93.701698;3.980260;120.501007;,
   95.696098;3.980260;119.698997;,
   94.870598;3.980260;121.700989;,
   97.384804;3.980260;120.960999;,
   96.077499;3.980260;122.563011;,
   97.977898;3.980260;121.530998;,
   98.272102;3.980260;120.327003;,
   93.890297;3.980260;122.730011;,
   93.905296;3.980260;124.665001;,
   91.898003;3.980260;123.094002;,
   92.927299;3.980260;121.996002;,
   97.938698;3.980260;124.174004;,
   96.048698;3.980260;124.530998;,
   96.286598;3.980260;125.922997;,
   98.705200;3.980260;125.514992;,
   100.128998;2.443240;110.199005;,
   97.678101;2.443240;111.141006;,
   95.565102;2.443240;106.739998;,
   96.639503;2.443240;102.636002;,
   93.081100;2.443240;105.536003;,
   92.894501;2.443240;107.657997;,
   90.773300;2.443240;106.880997;,
   89.624397;2.443240;104.762001;,
   88.838997;2.443240;108.115997;,
   90.255699;2.443240;109.040001;,
   87.842598;2.443240;110.847000;,
   86.323097;2.443240;109.449997;,
   85.042099;2.443240;110.621002;,
   97.678101;2.443240;111.141006;,
   97.677597;3.923390;111.147011;,
   95.565102;3.923390;106.739998;,
   95.565102;2.443240;106.739998;,
   92.894501;3.923390;107.657997;,
   92.894501;2.443240;107.657997;,
   90.773300;2.443240;106.880997;,
   90.773300;3.923390;106.880997;,
   90.255699;3.923390;109.040001;,
   90.255699;2.443240;109.040001;,
   87.842598;3.923390;110.847000;,
   87.842598;2.443240;110.847000;,
   96.639503;3.923390;102.636002;,
   100.128998;3.923390;110.199005;,
   100.128998;2.443240;110.199005;,
   96.639503;2.443240;102.636002;,
   93.081100;3.923390;105.536003;,
   93.081100;2.443240;105.536003;,
   89.624397;3.923390;104.762001;,
   89.624397;2.443240;104.762001;,
   88.838997;3.923390;108.115997;,
   88.838997;2.443240;108.115997;,
   86.323097;3.923390;109.449997;,
   86.323097;2.443240;109.449997;,
   84.626999;3.163340;110.568001;,
   85.042099;3.923390;110.621002;,
   85.042099;2.443240;110.621002;,
   95.565102;3.923390;106.739998;,
   97.677597;3.923390;111.147011;,
   100.128998;3.923390;110.199005;,
   96.639503;3.923390;102.636002;,
   93.081100;3.923390;105.536003;,
   92.894501;3.923390;107.657997;,
   90.773300;3.923390;106.880997;,
   89.624397;3.923390;104.762001;,
   88.838997;3.923390;108.115997;,
   90.255699;3.923390;109.040001;,
   87.842598;3.923390;110.847000;,
   86.323097;3.923390;109.449997;,
   85.042099;3.923390;110.621002;,
   93.234497;3.526200;108.966003;,
   93.288498;3.526200;108.646004;,
   93.234497;2.715230;108.966003;,
   93.288498;2.715230;108.646004;,
   93.845802;2.715230;108.763992;,
   93.470703;2.715230;110.402000;,
   93.234497;3.526200;108.966003;,
   93.470703;3.526200;110.402000;,
   93.588600;3.526200;108.511002;,
   93.588600;2.715230;108.511002;,
   93.845802;3.526200;108.763992;,
   93.043198;2.715230;112.166000;,
   93.043198;3.526200;112.166000;,
   94.658600;2.715230;111.885002;,
   94.393204;2.715230;110.269989;,
   94.658600;3.526200;111.885002;,
   94.393204;3.526200;110.269989;,
   93.845802;3.526200;108.763992;,
   93.470703;3.526200;110.402000;,
   93.043198;3.526200;112.166000;,
   94.658600;3.526200;111.885002;,
   94.393204;3.526200;110.269989;,
   93.845802;3.526200;108.763992;,
   93.234497;3.526200;108.966003;,
   93.288498;3.526200;108.646004;,
   93.588600;3.526200;108.511002;,
   91.695702;2.692470;119.833000;,
   89.551498;2.397590;119.943001;,
   90.010201;1.272860;120.589989;,
   92.051300;1.541020;120.513000;,
   90.501198;0.893368;118.658997;,
   92.575798;1.296370;119.010994;,
   91.695702;2.692470;119.833000;,
   92.119797;2.455400;118.472000;,
   93.380501;1.218670;118.079002;,
   92.915001;2.340050;117.440994;,
   89.551498;2.397590;119.943001;,
   90.060303;2.013700;117.934006;,
   91.737000;0.660259;116.681000;,
   93.166199;0.658300;115.723991;,
   94.504204;1.238400;117.454002;,
   94.042503;2.350030;116.815002;,
   91.292397;1.768790;115.985001;,
   92.745598;1.761910;115.008003;,
   94.411201;1.893520;114.510002;,
   94.699799;0.777781;115.262001;,
   96.030502;1.415020;117.221008;,
   95.630997;2.520530;116.585999;,
   96.258904;2.119340;114.397003;,
   96.657501;0.986786;115.103996;,
   95.630997;2.520530;116.585999;,
   96.258904;2.119340;114.397003;,
   97.671898;1.130240;112.886002;,
   97.497101;2.404180;112.510002;,
   98.572403;2.671070;114.444008;,
   98.758301;1.288310;114.721001;,
   96.861702;1.286730;115.617996;,
   95.884598;1.124010;113.641998;,
   95.906898;2.405810;113.320999;,
   97.497101;2.404180;112.510002;,
   98.572403;2.671070;114.444008;,
   96.766403;2.640100;115.446999;,
   95.254997;2.627380;116.342003;,
   95.316200;1.323160;116.574005;,
   94.249298;1.154370;114.736000;,
   94.099602;2.365490;114.446999;,
   95.254997;2.627380;116.342003;,
   94.099602;2.365490;114.446999;,
   89.551498;3.899020;119.943001;,
   91.695702;3.604140;119.833000;,
   90.010201;5.023750;120.589989;,
   92.051300;4.755590;120.513000;,
   90.501198;5.403240;118.658997;,
   89.551498;3.899020;119.943001;,
   90.060303;4.282910;117.934006;,
   91.737000;5.636350;116.681000;,
   91.292397;4.527820;115.985001;,
   92.575798;5.000240;119.010994;,
   93.380501;5.077940;118.079002;,
   93.166199;5.638310;115.723991;,
   92.745598;4.534700;115.008003;,
   94.411201;4.403090;114.510002;,
   91.695702;3.604140;119.833000;,
   92.119797;3.841210;118.472000;,
   92.915001;3.956560;117.440994;,
   94.042503;3.946580;116.815002;,
   94.504204;5.058210;117.454002;,
   94.699799;5.518830;115.262001;,
   96.258904;4.177270;114.397003;,
   96.657501;5.309820;115.103996;,
   95.630997;3.776080;116.585999;,
   96.030502;4.881590;117.221008;,
   95.630997;3.776080;116.585999;,
   96.258904;4.177270;114.397003;,
   97.497101;3.892430;112.510002;,
   97.671898;5.166370;112.886002;,
   98.572403;3.625530;114.444008;,
   98.758301;5.008300;114.721001;,
   96.861702;5.009870;115.617996;,
   98.572403;3.625530;114.444008;,
   96.766403;3.656510;115.446999;,
   95.254997;3.669230;116.342003;,
   95.316200;4.973440;116.574005;,
   95.884598;5.172600;113.641998;,
   94.249298;5.142240;114.736000;,
   95.254997;3.669230;116.342003;,
   94.099602;3.931120;114.446999;,
   95.906898;3.890800;113.320999;,
   94.099602;3.931120;114.446999;,
   97.497101;3.892430;112.510002;,
   55.963699;14.477701;113.289001;,
   55.137299;13.963501;113.352997;,
   55.137299;14.508400;116.641998;,
   55.963905;12.725799;110.320000;,
   55.137299;12.400000;110.718002;,
   55.963905;10.178600;108.134003;,
   55.137196;9.813610;108.490997;,
   55.137100;6.891360;106.959000;,
   55.963699;14.985501;116.566002;,
   63.902500;9.561550;114.389999;,
   63.577297;6.191410;110.992996;,
   55.964401;6.872300;106.563004;,
   55.136902;3.148310;106.103996;,
   55.963802;14.659701;119.631004;,
   64.597298;9.555890;116.329994;,
   55.137402;14.025400;119.497993;,
   55.963699;13.237500;122.863998;,
   64.597397;8.683150;119.389999;,
   67.693100;8.953190;116.329994;,
   67.723602;8.569740;114.561996;,
   55.137299;12.916900;122.667992;,
   55.963604;10.285700;125.827011;,
   64.597397;6.060750;122.107010;,
   67.662300;7.957080;119.286003;,
   79.403297;8.115660;116.329994;,
   55.137196;10.082501;125.594994;,
   55.963699;6.664380;127.588989;,
   64.597397;3.148310;122.882011;,
   67.475800;5.510320;121.538994;,
   79.407097;7.175280;119.297997;,
   55.137196;6.492110;127.248001;,
   55.963905;3.148310;128.348999;,
   55.963699;-0.367775;127.588989;,
   64.597397;0.235855;122.107010;,
   67.475800;0.786295;121.538994;,
   67.454903;3.148310;121.942001;,
   55.137299;3.148310;127.940002;,
   55.137196;-0.195505;127.248001;,
   55.137196;-3.785890;125.594994;,
   55.963604;-3.989140;125.827011;,
   64.597397;-2.386550;119.389999;,
   67.662300;-1.660480;119.286003;,
   79.407097;-0.878675;119.297997;,
   79.399803;1.553730;121.148003;,
   55.137299;-6.620340;122.667992;,
   55.963699;-6.940900;122.863998;,
   55.963802;-8.363100;119.631004;,
   64.597298;-3.259280;116.329994;,
   67.693100;-2.656580;116.329994;,
   79.403297;-1.819060;116.329994;,
   55.137402;-7.728810;119.497993;,
   55.137299;-8.211750;116.641998;,
   55.963699;-8.688900;116.566002;,
   63.902500;-3.264950;114.389999;,
   67.723602;-2.273130;114.561996;,
   55.963699;-8.181090;113.289001;,
   55.137299;-7.666890;113.352997;,
   55.963905;-6.429240;110.320000;,
   63.577297;0.105205;110.992996;,
   63.926296;-0.432535;110.564003;,
   64.075104;-3.837070;113.688004;,
   67.896797;-3.007400;113.834000;,
   55.137299;-6.103420;110.718002;,
   55.963905;-3.882010;108.134003;,
   55.964401;-0.575684;106.563004;,
   63.468395;3.148310;110.066994;,
   63.859001;3.148310;109.495003;,
   55.137196;-3.516990;108.490997;,
   55.137100;-0.594745;106.959000;,
   55.964699;3.148310;105.968002;,
   63.926296;6.729150;110.564003;,
   67.884598;3.148310;110.436989;,
   64.075104;10.133700;113.688004;,
   67.896797;9.304000;113.834000;,
   67.938202;6.183650;111.116989;,
   79.399002;7.734700;114.626991;,
   79.404900;8.250970;114.057999;,
   79.410500;5.111280;111.609001;,
   80.026901;8.907870;114.216995;,
   80.045502;8.229110;111.376999;,
   80.062401;5.284250;110.059998;,
   79.418297;3.148310;111.080002;,
   80.025703;9.389670;116.338997;,
   89.428101;8.344800;115.322998;,
   89.442398;7.085190;111.276009;,
   89.450203;5.292460;109.872002;,
   80.068298;3.148310;109.785995;,
   80.028000;9.111640;119.135002;,
   89.432198;8.445720;118.719002;,
   89.929398;4.996100;115.553993;,
   89.945198;4.726280;111.610992;,
   89.453102;3.148310;109.584999;,
   80.031898;7.427520;121.585999;,
   89.211998;7.543300;121.660004;,
   89.931198;4.694440;118.794998;,
   79.399803;4.742880;121.148003;,
   80.032600;5.447170;122.882011;,
   89.012604;5.141720;122.799004;,
   89.938698;4.278930;120.446999;,
   79.403000;3.148300;121.408997;,
   80.038200;3.148300;123.249001;,
   89.012604;3.148300;123.063004;,
   89.940300;3.148300;121.120995;,
   91.371101;4.006600;120.277008;,
   80.032600;0.849435;122.882011;,
   89.012604;1.154880;122.799004;,
   89.938698;2.017680;120.446999;,
   91.371101;2.290010;120.277008;,
   91.562798;3.148300;120.806999;,
   80.031898;-1.130910;121.585999;,
   89.211998;-1.246700;121.660004;,
   89.931198;1.602160;118.794998;,
   92.580803;1.956700;118.082993;,
   92.791801;3.148300;118.863998;,
   80.028000;-2.815030;119.135002;,
   89.432198;-2.149110;118.719002;,
   89.929398;1.300510;115.553993;,
   80.025703;-3.093060;116.338997;,
   89.428101;-2.048190;115.322998;,
   80.026901;-2.611260;114.216995;,
   89.442398;-0.788585;111.276009;,
   89.945198;1.570330;111.610992;,
   93.789703;1.572680;111.206001;,
   93.435699;1.377450;114.069008;,
   79.399002;-1.438090;114.626991;,
   79.404900;-1.954370;114.057999;,
   80.045502;-1.932510;111.376999;,
   80.062401;1.012360;110.059998;,
   89.450203;1.004150;109.872002;,
   67.938202;0.112965;111.116989;,
   79.410500;1.185340;111.609001;,
   89.945602;3.148300;111.648003;,
   93.280296;3.148300;111.138992;,
   98.527802;3.148300;108.654999;,
   99.160103;1.472490;108.884003;,
   100.969002;1.240580;110.693008;,
   93.789703;4.723930;111.206001;,
   99.160103;4.824120;108.884003;,
   104.045998;3.148300;104.806999;,
   104.660004;1.279580;104.922997;,
   109.041000;0.718145;106.702003;,
   93.435699;4.919160;114.069008;,
   100.969002;5.056030;110.693008;,
   109.041000;5.578460;106.702003;,
   104.660004;5.017030;104.922997;,
   103.930000;3.148300;104.071999;,
   92.580803;4.339910;118.082993;,
   94.737701;4.283370;116.905998;,
   96.701797;4.203510;117.259010;,
   97.815201;4.262440;116.892990;,
   95.102303;3.148300;117.667992;,
   96.908501;3.148300;117.974007;,
   97.911903;3.148300;117.703003;,
   103.820000;3.148300;113.078003;,
   103.640999;4.246710;112.447998;,
   94.737701;2.013240;116.905998;,
   96.701797;2.093100;117.259010;,
   97.815201;2.034170;116.892990;,
   103.640999;2.049900;112.447998;,
   104.146004;1.864120;112.869003;,
   104.125999;3.148300;113.228989;,
   104.146004;4.432490;112.869003;,
   110.549004;1.950130;110.122993;,
   110.661003;3.148300;110.022003;,
   110.549004;4.346480;110.122993;,
   113.801994;5.105630;107.555992;,
   112.094002;6.589400;99.979698;,
   113.801994;1.190980;107.555992;,
   113.841995;3.148300;108.009995;,
   114.840996;4.851080;107.769997;,
   117.926003;5.258330;105.116997;,
   112.094002;-0.292791;99.979698;,
   117.926003;1.038280;105.116997;,
   114.840996;1.445530;107.769997;,
   114.559006;3.148300;108.160004;,
   117.815002;3.148300;104.716003;,
   106.950996;0.238717;100.391998;,
   108.823006;0.279266;94.848099;,
   109.851997;0.293616;93.191498;,
   114.652008;0.071260;92.303902;,
   114.717003;0.310504;96.369797;,
   115.723991;0.547820;99.331299;,
   104.234001;1.240930;104.102997;,
   107.007004;3.148310;100.474998;,
   108.901009;3.148310;94.902100;,
   109.802994;3.148310;93.382004;,
   114.717003;3.148310;92.675499;,
   104.234001;5.055680;104.102997;,
   106.950996;6.057890;100.391998;,
   108.823006;6.017340;94.848099;,
   109.851997;6.002990;93.191498;,
   114.652008;6.225350;92.303902;,
   114.717003;5.986100;96.369797;,
   114.968002;3.148310;95.912003;,
   115.903999;3.148300;99.140198;,
   119.479004;0.809035;101.527000;,
   115.723991;5.748790;99.331299;,
   119.479004;5.487570;101.527000;,
   119.394997;3.148300;101.503998;,
   119.750999;0.984029;103.010002;,
   119.750999;5.312580;103.010002;,
   119.795998;3.148300;102.896004;,
   58.088902;3.148310;122.434998;,
   55.137299;3.148310;127.940002;,
   55.137196;6.492110;127.248001;,
   55.137196;-0.195505;127.248001;,
   58.090599;0.471735;121.557007;,
   55.137196;-3.785890;125.594994;,
   55.137299;-6.620340;122.667992;,
   58.090599;5.824880;121.557007;,
   68.251503;3.148310;116.329994;,
   58.070099;-1.924180;118.265999;,
   55.137402;-7.728810;119.497993;,
   55.137299;-8.211750;116.641998;,
   55.137196;10.082501;125.594994;,
   55.137299;12.916900;122.667992;,
   58.070099;8.220780;118.265999;,
   55.137402;14.025400;119.497993;,
   55.137299;14.508400;116.641998;,
   58.079502;7.903200;114.483009;,
   58.114796;5.488570;112.327003;,
   58.189102;3.148310;111.516991;,
   58.114796;0.808035;112.327003;,
   58.079502;-1.606600;114.483009;,
   55.137299;-7.666890;113.352997;,
   55.137299;13.963501;113.352997;,
   55.137299;12.400000;110.718002;,
   55.137196;9.813610;108.490997;,
   55.137100;6.891360;106.959000;,
   55.136902;3.148310;106.103996;,
   55.137100;-0.594745;106.959000;,
   55.137196;-3.516990;108.490997;,
   55.137299;-6.103420;110.718002;,
   101.606003;2.477460;148.487000;,
   101.606003;3.835990;148.487000;,
   103.335999;2.477460;150.322998;,
   103.335999;3.835990;150.322998;,
   101.467003;3.835990;151.955002;,
   101.467003;2.477460;151.955002;,
   101.606003;2.477460;148.487000;,
   97.916603;2.477460;151.334000;,
   99.597198;2.477460;153.315002;,
   101.606003;3.835990;148.487000;,
   97.916603;3.835990;151.334000;,
   99.597198;3.835990;153.315002;,
   97.916603;3.835990;151.334000;,
   97.916603;2.477460;151.334000;,
   94.341904;2.242390;151.067001;,
   94.341904;3.980260;151.067001;,
   94.695297;2.242390;152.964996;,
   94.695297;3.980260;152.964996;,
   95.696297;2.242390;154.339996;,
   95.696297;3.980260;154.339996;,
   97.384903;3.980260;155.602997;,
   97.384903;2.242390;155.602997;,
   98.272301;3.980260;154.968994;,
   98.272301;2.242380;154.968994;,
   97.978104;3.980260;156.171997;,
   97.978104;2.242380;156.171997;,
   97.938904;2.242380;158.815002;,
   97.938904;3.980260;158.815002;,
   98.705399;2.242380;160.156006;,
   98.705399;3.980260;160.156006;,
   96.286797;2.242380;160.563995;,
   96.286797;3.980260;160.563995;,
   96.048798;2.242380;159.173004;,
   96.048798;3.980260;159.173004;,
   96.077599;2.242380;157.205002;,
   96.077599;3.980260;157.205002;,
   93.905502;2.242380;159.306000;,
   93.905502;3.980260;159.306000;,
   91.898201;2.242380;157.735001;,
   91.898201;3.980260;157.735001;,
   92.927498;2.242380;156.638000;,
   92.927498;3.980260;156.638000;,
   93.890503;2.242380;157.371002;,
   93.890503;3.980260;157.371002;,
   94.870697;3.980260;156.343002;,
   94.870697;2.242380;156.343002;,
   93.701797;2.242390;155.143005;,
   93.701797;3.980260;155.143005;,
   92.878998;2.242390;153.841995;,
   92.878998;3.980260;153.841995;,
   92.543297;3.980260;151.695999;,
   92.543297;2.242390;151.695999;,
   91.898201;2.242380;157.735001;,
   92.927498;2.242380;156.638000;,
   93.890503;2.242380;157.371002;,
   93.905502;2.242380;159.306000;,
   96.077599;2.242380;157.205002;,
   94.870697;2.242380;156.343002;,
   97.384903;2.242390;155.602997;,
   97.978104;2.242380;156.171997;,
   97.938904;2.242380;158.815002;,
   96.048798;2.242380;159.173004;,
   96.286797;2.242380;160.563995;,
   98.705399;2.242380;160.156006;,
   95.696297;2.242390;154.339996;,
   93.701797;2.242390;155.143005;,
   94.695297;2.242390;152.964996;,
   92.878998;2.242390;153.841995;,
   92.543297;2.242390;151.695999;,
   94.341904;2.242390;151.067001;,
   98.272301;2.242380;154.968994;,
   94.341904;3.980260;151.067001;,
   92.543297;3.980260;151.695999;,
   94.695297;3.980260;152.964996;,
   92.878998;3.980260;153.841995;,
   93.701797;3.980260;155.143005;,
   95.696297;3.980260;154.339996;,
   94.870697;3.980260;156.343002;,
   97.384903;3.980260;155.602997;,
   96.077599;3.980260;157.205002;,
   97.978104;3.980260;156.171997;,
   98.272301;3.980260;154.968994;,
   93.890503;3.980260;157.371002;,
   93.905502;3.980260;159.306000;,
   91.898201;3.980260;157.735001;,
   92.927498;3.980260;156.638000;,
   97.938904;3.980260;158.815002;,
   96.048798;3.980260;159.173004;,
   96.286797;3.980260;160.563995;,
   98.705399;3.980260;160.156006;,
   100.128998;2.443240;144.839996;,
   97.678299;2.443240;145.781998;,
   95.565300;2.443240;141.380997;,
   96.639702;2.443240;137.276993;,
   93.081299;2.443240;140.177002;,
   92.894699;2.443240;142.298996;,
   90.773399;2.443240;141.522003;,
   89.624496;2.443240;139.403000;,
   88.839203;2.443240;142.757004;,
   90.255898;2.443240;143.681000;,
   87.842796;2.443240;145.488007;,
   86.323303;2.443240;144.091995;,
   85.042297;2.443240;145.263000;,
   97.678299;2.443240;145.781998;,
   97.677696;3.923390;145.787994;,
   95.565300;3.923390;141.380997;,
   95.565300;2.443240;141.380997;,
   92.894699;3.923390;142.298996;,
   92.894699;2.443240;142.298996;,
   90.773399;2.443240;141.522003;,
   90.773399;3.923390;141.522003;,
   90.255898;3.923390;143.681000;,
   90.255898;2.443240;143.681000;,
   87.842796;3.923390;145.488007;,
   87.842796;2.443240;145.488007;,
   96.639702;3.923390;137.276993;,
   100.128998;3.923390;144.839996;,
   100.128998;2.443240;144.839996;,
   96.639702;2.443240;137.276993;,
   93.081299;3.923390;140.177002;,
   93.081299;2.443240;140.177002;,
   89.624496;3.923390;139.403000;,
   89.624496;2.443240;139.403000;,
   88.839203;3.923390;142.757004;,
   88.839203;2.443240;142.757004;,
   86.323303;3.923390;144.091995;,
   86.323303;2.443240;144.091995;,
   84.627197;3.163340;145.209000;,
   85.042297;3.923390;145.263000;,
   85.042297;2.443240;145.263000;,
   95.565300;3.923390;141.380997;,
   97.677696;3.923390;145.787994;,
   100.128998;3.923390;144.839996;,
   96.639702;3.923390;137.276993;,
   93.081299;3.923390;140.177002;,
   92.894699;3.923390;142.298996;,
   90.773399;3.923390;141.522003;,
   89.624496;3.923390;139.403000;,
   88.839203;3.923390;142.757004;,
   90.255898;3.923390;143.681000;,
   87.842796;3.923390;145.488007;,
   86.323303;3.923390;144.091995;,
   85.042297;3.923390;145.263000;,
   93.234703;3.526200;143.606995;,
   93.288696;3.526200;143.287003;,
   93.234703;2.715230;143.606995;,
   93.288696;2.715230;143.287003;,
   93.846001;2.715230;143.404999;,
   93.470901;2.715230;145.044006;,
   93.234703;3.526200;143.606995;,
   93.470901;3.526200;145.044006;,
   93.588699;3.526200;143.151993;,
   93.588699;2.715230;143.151993;,
   93.846001;3.526200;143.404999;,
   93.043404;2.715230;146.807007;,
   93.043404;3.526200;146.807007;,
   94.658798;2.715230;146.526001;,
   94.393402;2.715230;144.910995;,
   94.658798;3.526200;146.526001;,
   94.393402;3.526200;144.910995;,
   93.846001;3.526200;143.404999;,
   93.470901;3.526200;145.044006;,
   93.043404;3.526200;146.807007;,
   94.658798;3.526200;146.526001;,
   94.393402;3.526200;144.910995;,
   93.846001;3.526200;143.404999;,
   93.234703;3.526200;143.606995;,
   93.288696;3.526200;143.287003;,
   93.588699;3.526200;143.151993;,
   91.695801;2.692470;154.473999;,
   89.551697;2.397590;154.584000;,
   90.010300;1.272860;155.231003;,
   92.051399;1.541020;155.154007;,
   90.501404;0.893369;153.300003;,
   92.575897;1.296370;153.653000;,
   91.695801;2.692470;154.473999;,
   92.120003;2.455400;153.113007;,
   93.380699;1.218670;152.720993;,
   92.915199;2.340050;152.082001;,
   89.551697;2.397590;154.584000;,
   90.060501;2.013700;152.574997;,
   91.737099;0.660259;151.322006;,
   93.166397;0.658301;150.365997;,
   94.504303;1.238400;152.095001;,
   94.042702;2.350030;151.457001;,
   91.292503;1.768790;150.626007;,
   92.745796;1.761910;149.649002;,
   94.411301;1.893520;149.151993;,
   94.699997;0.777782;149.904007;,
   96.030701;1.415020;151.863007;,
   95.631203;2.520530;151.227005;,
   96.259102;2.119340;149.037994;,
   96.657700;0.986787;149.746002;,
   95.631203;2.520530;151.227005;,
   96.259102;2.119340;149.037994;,
   97.672096;1.130240;147.528000;,
   97.497200;2.404180;147.151001;,
   98.572601;2.671080;149.085999;,
   98.758400;1.288310;149.362000;,
   96.861900;1.286740;150.259003;,
   95.884804;1.124010;148.283005;,
   95.907097;2.405810;147.962006;,
   97.497200;2.404180;147.151001;,
   98.572601;2.671080;149.085999;,
   96.766602;2.640100;150.087997;,
   95.255203;2.627380;150.983994;,
   95.316299;1.323160;151.214996;,
   94.249496;1.154370;149.376999;,
   94.099701;2.365490;149.087997;,
   95.255203;2.627380;150.983994;,
   94.099701;2.365490;149.087997;,
   89.551697;3.899020;154.584000;,
   91.695801;3.604140;154.473999;,
   90.010300;5.023750;155.231003;,
   92.051399;4.755590;155.154007;,
   90.501404;5.403240;153.300003;,
   89.551697;3.899020;154.584000;,
   90.060501;4.282910;152.574997;,
   91.737099;5.636350;151.322006;,
   91.292503;4.527820;150.626007;,
   92.575897;5.000240;153.653000;,
   93.380699;5.077940;152.720993;,
   93.166397;5.638310;150.365997;,
   92.745796;4.534700;149.649002;,
   94.411301;4.403090;149.151993;,
   91.695801;3.604140;154.473999;,
   92.120003;3.841210;153.113007;,
   92.915199;3.956560;152.082001;,
   94.042702;3.946580;151.457001;,
   94.504303;5.058210;152.095001;,
   94.699997;5.518830;149.904007;,
   96.259102;4.177270;149.037994;,
   96.657700;5.309820;149.746002;,
   95.631203;3.776080;151.227005;,
   96.030701;4.881590;151.863007;,
   95.631203;3.776080;151.227005;,
   96.259102;4.177270;149.037994;,
   97.497200;3.892430;147.151001;,
   97.672096;5.166370;147.528000;,
   98.572601;3.625540;149.085999;,
   98.758400;5.008300;149.362000;,
   96.861900;5.009880;150.259003;,
   98.572601;3.625540;149.085999;,
   96.766602;3.656510;150.087997;,
   95.255203;3.669230;150.983994;,
   95.316299;4.973450;151.214996;,
   95.884804;5.172600;148.283005;,
   94.249496;5.142240;149.376999;,
   95.255203;3.669230;150.983994;,
   94.099701;3.931120;149.087997;,
   95.907097;3.890800;147.962006;,
   94.099701;3.931120;149.087997;,
   97.497200;3.892430;147.151001;,
   55.963905;14.477701;147.929993;,
   55.137497;13.963501;147.994003;,
   55.137497;14.508400;151.283005;,
   55.964104;12.725799;144.960999;,
   55.137402;12.400000;145.358994;,
   55.964104;10.178600;142.774994;,
