xof 0303txt 0032
template VertexDuplicationIndices {
 <b8d65549-d7c9-4995-89cf-53a9a8b031e3>
 DWORD nIndices;
 DWORD nOriginalVertices;
 array DWORD indices[nIndices];
}

template EffectParamDWord {
 <e13963bc-ae51-4c5d-b00f-cfa3a9d97ce5>
 STRING ParamName;
 DWORD Value;
}

template FVFData {
 <b6e70a0e-8ef9-4e83-94ad-ecc8b0c04897>
 DWORD dwFVF;
 DWORD nDWords;
 array DWORD data[nDWords];
}

template EffectFloats {
 <f1cfe2b3-0de3-4e28-afa1-155a750a282d>
 DWORD nFloats;
 array FLOAT Floats[nFloats];
}

template EffectString {
 <d55b097e-bdb6-4c52-b03d-6051c89d0e42>
 STRING Value;
}

template EffectDWord {
 <622c0ed0-956e-4da9-908a-2af94f3ce716>
 DWORD Value;
}

template EffectInstance {
 <e331f7e4-0559-4cc2-8e99-1cec1657928f>
 STRING EffectFilename;
 [...]
}

template AnimTicksPerSecond {
 <9e415a43-7ba6-4a73-8743-b73d47e88476>
 DWORD AnimTicksPerSecond;
}

template VertexElement {
 <f752461c-1e23-48f6-b9f8-8350850f336f>
 DWORD Type;
 DWORD Method;
 DWORD Usage;
 DWORD UsageIndex;
}

template DeclData {
 <bf22e553-292c-4781-9fea-62bd554bdd93>
 DWORD nElements;
 array VertexElement Elements[nElements];
 DWORD nDWords;
 array DWORD data[nDWords];
}

template EffectParamFloats {
 <3014b9a0-62f5-478c-9b86-e4ac9f4e418b>
 STRING ParamName;
 DWORD nFloats;
 array FLOAT Floats[nFloats];
}

template EffectParamString {
 <1dbc4c88-94c1-46ee-9076-2c28818c9481>
 STRING ParamName;
 STRING Value;
}


AnimTicksPerSecond {
 4800;
}

Frame {
 

 FrameTransformMatrix {
  1.000000,0.000000,0.000000,0.000000,0.000000,1.000000,0.000000,0.000000,0.000000,0.000000,1.000000,0.000000,0.000000,0.000000,0.000000,1.000000;;
 }

 Frame Armature {
  

  FrameTransformMatrix {
   39.370079,0.000000,-0.000000,0.000000,-0.000000,0.000002,-39.370075,0.000000,0.000000,39.370075,0.000002,0.000000,0.000000,0.000000,0.000000,1.000000;;
  }

  Frame Root {
   

   FrameTransformMatrix {
    0.986188,-0.079211,-0.145463,0.000000,0.122059,0.941218,0.314978,0.000000,0.111963,-0.328382,0.937886,0.000000,7.267751,-52.037399,65.490303,1.000000;;
   }

   Frame Spine1 {
    

    FrameTransformMatrix {
     0.124104,-0.946243,0.298700,0.000000,0.991409,0.105715,-0.077019,0.000000,0.041302,0.305692,0.951234,0.000000,-1.131474,18.583527,-3.152634,1.000000;;
    }

    Frame Spine2 {
     

     FrameTransformMatrix {
      0.871809,-0.049257,0.487364,0.000000,0.045746,0.998770,0.019112,0.000000,-0.487706,0.005633,0.872990,0.000000,-14.968301,0.214461,-6.411297,1.000000;;
     }

     Frame Spine3 {
      

      FrameTransformMatrix {
       0.992528,-0.115459,0.039452,0.000000,0.112677,0.991393,0.066664,0.000000,-0.046810,-0.061720,0.996995,0.000000,-20.540966,0.861025,-0.113127,1.000000;;
      }

      Frame C_Buffbone_Glb_Chest_Loc {
       

       FrameTransformMatrix {
        0.000000,1.000000,0.000000,0.000000,-1.000000,0.000000,0.000000,0.000000,0.000000,0.000000,1.000000,0.000000,7.563014,-0.000014,-0.617149,1.000000;;
       }
      }

      Frame C_Neck {
       

       FrameTransformMatrix {
        0.922592,-0.007091,-0.385712,0.000000,0.011370,0.999896,0.008813,0.000000,0.385609,-0.012516,0.922577,0.000000,-12.167368,0.311247,2.717978,1.000000;;
       }

       Frame C_Head {
        

        FrameTransformMatrix {
         -0.079978,0.995868,0.043009,0.000000,-0.994884,-0.082422,0.058412,0.000000,0.061715,-0.038117,0.997366,0.000000,-16.921085,-0.053305,-5.212001,1.000000;;
        }

        Frame C_Jaw {
         

         FrameTransformMatrix {
          -0.016400,-0.972635,0.231759,0.000000,-0.999811,0.018339,0.006211,0.000000,-0.010291,-0.231614,-0.972753,0.000000,-0.000371,-1.053471,-2.492682,1.000000;;
         }
        }

        Frame C_Head_R_Ear {
         

         FrameTransformMatrix {
          -0.492538,0.765927,-0.413232,0.000000,0.869387,0.454650,-0.193542,0.000000,0.039637,-0.454586,-0.889820,0.000000,10.294227,-3.599609,5.417864,1.000000;;
         }
        }

        Frame C_Head_L_Ear {
         

         FrameTransformMatrix {
          0.556620,0.766052,-0.321462,0.000000,-0.822709,0.454517,-0.341416,0.000000,-0.115433,0.454509,0.883231,0.000000,-10.574779,-3.599609,5.417884,1.000000;;
         }
        }
       }
      }

      Frame L_Clavicle {
       

       FrameTransformMatrix {
        0.046030,0.998506,0.029452,0.000000,-0.998871,0.045660,0.013115,0.000000,0.011751,-0.030023,0.999480,0.000000,-3.462822,-6.162055,-4.197690,1.000000;;
       }

       Frame L_Shoulder {
        

        FrameTransformMatrix {
         0.660530,-0.580647,0.475971,0.000000,0.351490,0.799340,0.487350,0.000000,-0.663442,-0.154610,0.732080,0.000000,-15.616282,-4.040043,3.400877,1.000000;;
        }

        Frame L_Elbow {
         

         FrameTransformMatrix {
          0.662438,-0.749117,-0.000000,0.000000,0.749117,0.662438,0.000000,0.000000,0.000000,-0.000000,1.000000,0.000000,-29.505013,0.000008,-0.000003,1.000000;;
         }

         Frame L_Paw {
          

          FrameTransformMatrix {
           0.695881,-0.044619,-0.716770,0.000000,-0.523074,0.652384,-0.548441,0.000000,0.492080,0.756574,0.430643,0.000000,-48.176517,-0.000005,-0.000003,1.000000;;
          }

          Frame L_PawToe {
           

           FrameTransformMatrix {
            0.806476,-0.438342,0.396804,0.000000,0.393981,0.898807,0.192157,0.000000,-0.440881,0.001363,0.897565,0.000000,-7.449112,2.754859,-2.253169,1.000000;;
           }

           Frame L_PawToe_inner {
            

            FrameTransformMatrix {
             0.598444,-0.800919,-0.019775,0.000000,0.795630,0.597025,-0.102625,0.000000,0.094000,0.045682,0.994523,0.000000,-1.994755,6.370756,-2.420312,1.000000;;
            }
           }

           Frame L_PawToe_outer {
            

            FrameTransformMatrix {
             0.707317,0.703284,0.071365,0.000000,-0.661756,0.623271,0.416668,0.000000,0.248556,-0.341942,0.906252,0.000000,-1.166763,-7.942192,-5.769777,1.000000;;
            }
           }
          }
         }
        }
       }
      }

      Frame R_Clavicle {
       

       FrameTransformMatrix {
        -0.072227,0.997386,0.002234,0.000000,0.997355,0.072243,-0.007964,0.000000,-0.008104,0.001653,-0.999965,0.000000,-4.264442,6.772455,-5.737331,1.000000;;
       }

       Frame R_Shoulder {
        

        FrameTransformMatrix {
         0.654800,0.495123,0.571043,0.000000,-0.357078,0.868567,-0.343638,0.000000,-0.666132,0.021108,0.745535,0.000000,15.616292,4.040004,-3.400832,1.000000;;
        }

        Frame R_Elbow {
         

         FrameTransformMatrix {
          -0.306248,-0.951951,-0.000000,0.000000,0.951951,-0.306248,0.000000,0.000000,0.000000,-0.000000,1.000000,0.000000,26.858997,0.000001,-0.000012,1.000000;;
         }

         Frame R_Paw {
          

          FrameTransformMatrix {
           0.473309,-0.060334,-0.878828,0.000000,-0.625431,0.679538,-0.383489,0.000000,0.620334,0.731155,0.283896,0.000000,48.175713,-0.000045,0.000016,1.000000;;
          }

          Frame R_PawToe {
           

           FrameTransformMatrix {
            0.807812,-0.438559,0.393834,0.000000,0.394156,0.898702,0.192290,0.000000,-0.438270,-0.000103,0.898843,0.000000,7.449123,-2.754893,2.253174,1.000000;;
           }

           Frame R_PawToe_outer {
            

            FrameTransformMatrix {
             0.741049,0.669677,0.048796,0.000000,-0.623045,0.658713,0.421794,0.000000,0.250323,-0.342972,0.905377,0.000000,1.166704,7.942212,5.769803,1.000000;;
            }
           }

           Frame R_PawToe_inner {
            

            FrameTransformMatrix {
             0.801192,-0.596411,-0.048863,0.000000,0.590829,0.801356,-0.093539,0.000000,0.094945,0.046073,0.994416,0.000000,1.994716,-6.370819,2.420333,1.000000;;
            }
           }
          }
         }
        }
       }
      }

      Frame R_Neck {
       

       FrameTransformMatrix {
        0.757110,-0.586199,-0.288368,0.000000,0.497484,0.803440,-0.327100,0.000000,0.423432,0.104192,0.899917,0.000000,-13.568207,13.593883,1.373261,1.000000;;
       }

       Frame R_Head {
        

        FrameTransformMatrix {
         -0.351445,0.935587,-0.034105,0.000000,0.935297,0.349264,-0.056862,0.000000,-0.041287,-0.051882,-0.997799,0.000000,-20.751339,1.575925,0.030543,1.000000;;
        }

        Frame R_Jaw {
         

         FrameTransformMatrix {
          -0.050737,-0.991942,0.116092,0.000000,-0.997931,0.054953,0.033403,0.000000,-0.039514,-0.114157,-0.992675,0.000000,0.453793,-0.215855,2.973800,1.000000;;
         }
        }

        Frame R_Head_R_Ear {
         

         FrameTransformMatrix {
          -0.556801,-0.765996,0.321282,0.000000,0.822572,-0.454677,0.341532,0.000000,-0.115533,0.454443,0.883252,0.000000,9.587420,2.465759,-6.460133,1.000000;;
         }
        }
       }
      }

      Frame L_Neck {
       

       FrameTransformMatrix {
        0.894213,-0.285608,-0.344689,0.000000,-0.015676,0.749560,-0.661751,0.000000,0.447367,0.597150,0.665789,0.000000,-13.566619,-13.595193,1.372092,1.000000;;
       }

       Frame L_Head {
        

        FrameTransformMatrix {
         -0.422604,0.656148,0.625200,0.000000,-0.893308,-0.185117,-0.409551,0.000000,-0.152991,-0.731574,0.664374,0.000000,-20.308783,-3.568035,-1.764757,1.000000;;
        }

        Frame L_Jaw {
         

         FrameTransformMatrix {
          0.013340,-0.966212,-0.257407,0.000000,-0.998689,-0.025599,0.044332,0.000000,-0.049423,0.256478,-0.965285,0.000000,-0.442989,-0.010226,-3.116307,1.000000;;
         }
        }

        Frame L_Head_L_Ear {
         

         FrameTransformMatrix {
          0.556620,0.766053,-0.321462,0.000000,-0.822709,0.454517,-0.341416,0.000000,-0.115433,0.454509,0.883231,0.000000,-9.587444,-2.465820,6.460144,1.000000;;
         }
        }
       }
      }
     }
    }
   }

   Frame Pelvis {
    

    FrameTransformMatrix {
     -0.150267,-0.966435,-0.208382,0.000000,0.988592,-0.144688,-0.041854,0.000000,0.010299,-0.212294,0.977152,0.000000,-1.265859,-12.677243,-6.497505,1.000000;;
    }

    Frame L_Hip {
     

     FrameTransformMatrix {
      0.346992,0.390047,0.852912,0.000000,-0.787900,0.614535,0.039509,0.000000,-0.508734,-0.685719,0.520557,0.000000,-1.461483,-10.177887,1.349990,1.000000;;
     }

     Frame L_Knee {
      

      FrameTransformMatrix {
       0.163979,0.473967,0.865140,0.000000,-0.490465,-0.721756,0.488376,0.000000,0.855895,-0.504404,0.114112,0.000000,-34.000000,-0.000061,-0.000013,1.000000;;
      }

      Frame L_Ankle {
       

       FrameTransformMatrix {
        0.190802,-0.486925,0.852349,0.000000,0.475973,-0.713507,-0.514156,0.000000,0.858513,0.503797,0.095625,0.000000,-32.000023,-0.000024,-0.000027,1.000000;;
       }

       Frame L_Buffbone_Glb_Foot_Loc {
        

        FrameTransformMatrix {
         -0.000243,-0.867149,0.498049,0.000000,-0.000002,-0.498049,-0.867149,0.000000,1.000000,-0.000211,0.000120,0.000000,0.000011,-0.000004,-0.000005,1.000000;;
        }
       }

       Frame L_Foot {
        

        FrameTransformMatrix {
         0.708890,-0.227249,-0.667707,0.000000,-0.193441,0.847733,-0.493892,0.000000,0.678274,0.479277,0.556990,0.000000,-10.000000,-0.000035,-0.000002,1.000000;;
        }

        Frame L_Toe {
         

         FrameTransformMatrix {
          0.856029,-0.293050,0.425835,0.000000,0.263832,0.956092,0.127594,0.000000,-0.444529,0.003125,0.895759,0.000000,-7.319515,2.694648,-5.174146,1.000000;;
         }
        }
       }
      }
     }
    }

    Frame R_Hip {
     

     FrameTransformMatrix {
      -0.651079,-0.617255,0.441691,0.000000,-0.050431,0.615826,0.786267,0.000000,-0.757332,0.489647,-0.432080,0.000000,-1.461487,10.178386,1.349992,1.000000;;
     }

     Frame R_Knee {
      

      FrameTransformMatrix {
       0.675204,-0.322734,0.663282,0.000000,0.378302,-0.620433,-0.686987,0.000000,0.633236,0.714777,-0.296828,0.000000,-34.000004,-0.000007,-0.000046,1.000000;;
      }

      Frame R_Ankle {
       

       FrameTransformMatrix {
        0.703131,0.336208,0.626554,0.000000,-0.323914,-0.632972,0.703154,0.000000,0.632997,-0.697360,-0.336160,0.000000,-32.000031,-0.000007,0.000061,1.000000;;
       }

       Frame R_Buffbone_Glb_Foot_Loc {
        

        FrameTransformMatrix {
         -0.000092,-0.867218,-0.497927,0.000000,0.000052,-0.497927,0.867218,0.000000,-1.000000,0.000054,0.000091,0.000000,0.000000,-0.000001,-0.000002,1.000000;;
        }
       }

       Frame R_Foot {
        

        FrameTransformMatrix {
         -0.108430,0.519456,-0.847590,0.000000,-0.393224,0.760667,0.516488,0.000000,0.913027,0.389295,0.121783,0.000000,-10.000000,0.000037,0.000010,1.000000;;
        }

        Frame R_Toe {
         

         FrameTransformMatrix {
          -0.996972,0.018365,0.075564,0.000000,0.034250,0.976093,0.214648,0.000000,-0.069816,0.216586,-0.973765,0.000000,-9.320621,0.491306,-0.701693,1.000000;;
         }
        }
       }
      }
     }
    }

    Frame Tail1 {
     

     FrameTransformMatrix {
      -0.880755,-0.467211,-0.077357,0.000000,0.459526,-0.882642,0.098891,0.000000,-0.114481,0.051551,0.992087,0.000000,10.959110,0.000259,3.702850,1.000000;;
     }

     Frame Tail2 {
      

      FrameTransformMatrix {
       0.957731,-0.261313,-0.120274,0.000000,0.253291,0.964239,-0.078020,0.000000,0.136361,0.044258,0.989670,0.000000,-12.058502,-0.000027,1.738142,1.000000;;
      }

      Frame Tail3 {
       

       FrameTransformMatrix {
        0.892900,-0.349097,-0.284364,0.000000,0.326733,0.936913,-0.124256,0.000000,0.309801,0.018037,0.950630,0.000000,-23.238274,-0.041977,0.480564,1.000000;;
       }

       Frame Tail4 {
        

        FrameTransformMatrix {
         0.887080,0.458710,0.051705,0.000000,-0.433928,0.790419,0.432369,0.000000,0.157463,-0.405983,0.900213,0.000000,-26.030884,0.044966,-0.885437,1.000000;;
        }
       }
      }
     }
    }
   }
  }
 }

 Frame Model {
  

  FrameTransformMatrix {
   39.370079,0.000000,-0.000003,0.000000,-0.000003,-0.000006,-39.370075,0.000000,-0.000000,39.370079,-0.000006,0.000000,-0.000010,-0.000113,-0.000063,1.000000;;
  }

  Mesh Model {
   2906;
   -44.102905;18.644102;1.077910;,
   -33.934803;14.828302;-0.001560;,
   -40.424202;12.178202;1.633270;,
   -31.475302;9.966361;2.323740;,
   -24.115904;12.063202;2.629150;,
   -21.976603;19.652601;0.747640;,
   -20.748503;15.562602;3.021380;,
   -17.425102;17.647102;2.773590;,
   -18.770203;22.376501;1.420870;,
   -17.124401;19.411802;3.063170;,
   -14.834602;23.682102;2.035840;,
   -25.453203;21.613302;2.540500;,
   -23.263403;24.051304;2.677560;,
   -21.305502;24.616903;3.033731;,
   -17.943802;26.242304;1.777100;,
   -14.805102;27.577904;-0.396980;,
   -44.102905;18.644102;1.077910;,
   -40.424202;12.178202;1.633270;,
   -44.091003;18.456902;6.308491;,
   -40.728603;13.721702;11.266001;,
   -37.494102;10.302701;10.358402;,
   -38.433105;10.804302;13.806802;,
   -40.417706;15.155302;14.966402;,
   -38.863403;12.304202;21.880402;,
   -35.684402;20.602001;16.396603;,
   -33.839905;19.359001;23.284702;,
   -31.475302;9.966361;2.323740;,
   -30.754004;8.847962;10.413902;,
   -35.715405;6.652941;14.311501;,
   -35.606403;6.135811;20.811102;,
   -39.226704;8.429962;32.289104;,
   -34.873703;15.615502;34.280304;,
   -28.330103;9.893522;7.139171;,
   -26.449703;12.759702;11.571001;,
   -26.924704;9.816890;15.777502;,
   -31.657204;5.726030;13.877202;,
   -30.511303;5.027780;20.352001;,
   -24.115904;12.063202;2.629150;,
   -24.466204;12.676202;7.001301;,
   -22.401602;23.433802;6.372431;,
   -23.263403;24.051304;2.677560;,
   -25.453203;21.613302;2.540500;,
   -21.305502;24.616903;3.033731;,
   -20.861403;23.472101;5.928260;,
   -16.236403;25.557701;4.666130;,
   -17.943802;26.242304;1.777100;,
   -14.805102;27.577904;-0.396980;,
   -14.834602;23.682102;2.035840;,
   -19.930302;21.427202;7.245241;,
   -18.123102;20.284702;5.350350;,
   -17.124401;19.411802;3.063170;,
   -18.481503;18.462002;5.761130;,
   -17.425102;17.647102;2.773590;,
   -20.748503;15.562602;3.021380;,
   -20.937502;20.809801;8.295850;,
   -21.691202;16.109503;6.204331;,
   -24.115904;12.063202;2.629150;,
   -24.466204;12.676202;7.001301;,
   -22.849302;19.240103;9.700861;,
   -26.449703;12.759702;11.571001;,
   -26.528404;15.412002;14.471402;,
   -26.924704;9.816890;15.777502;,
   -26.865503;9.585090;20.701902;,
   -27.498404;16.626802;22.375603;,
   40.424202;12.178202;1.633270;,
   33.934803;14.828302;-0.001560;,
   44.102905;18.644102;1.077910;,
   31.475302;9.966361;2.323740;,
   24.115904;12.063202;2.629150;,
   21.976603;19.652601;0.747640;,
   25.453203;21.613302;2.540500;,
   23.263403;24.051304;2.677560;,
   18.770203;22.376501;1.420870;,
   21.305502;24.616903;3.033731;,
   17.943802;26.242304;1.777100;,
   20.748503;15.562602;3.021380;,
   17.425102;17.647102;2.773590;,
   17.124401;19.411802;3.063170;,
   14.834602;23.682102;2.035840;,
   14.805102;27.577904;-0.396980;,
   23.263403;24.051304;2.677560;,
   22.401602;23.433802;6.372431;,
   25.453203;21.613302;2.540500;,
   21.305502;24.616903;3.033731;,
   20.861403;23.472101;5.928260;,
   19.930302;21.427202;7.245241;,
   20.937502;20.809801;8.295850;,
   18.481503;18.462002;5.761130;,
   21.691202;16.109503;6.204331;,
   22.849302;19.240103;9.700861;,
   16.236403;25.557701;4.666130;,
   18.123102;20.284702;5.350350;,
   17.124401;19.411802;3.063170;,
   17.425102;17.647102;2.773590;,
   20.748503;15.562602;3.021380;,
   17.943802;26.242304;1.777100;,
   14.805102;27.577904;-0.396980;,
   14.834602;23.682102;2.035840;,
   24.115904;12.063202;2.629150;,
   24.466204;12.676202;7.001301;,
   26.449703;12.759702;11.571001;,
   26.528404;15.412002;14.471402;,
   26.924704;9.816890;15.777502;,
   26.865503;9.585090;20.701902;,
   27.498404;16.626802;22.375603;,
   44.091003;18.456902;6.308491;,
   40.424202;12.178202;1.633270;,
   44.102905;18.644102;1.077910;,
   40.728603;13.721702;11.266001;,
   37.494102;10.302701;10.358402;,
   31.475302;9.966361;2.323740;,
   30.754004;8.847962;10.413902;,
   28.330103;9.893522;7.139171;,
   24.115904;12.063202;2.629150;,
   24.466204;12.676202;7.001301;,
   38.433105;10.804302;13.806802;,
   35.715405;6.652941;14.311501;,
   31.657204;5.726030;13.877202;,
   26.924704;9.816890;15.777502;,
   26.449703;12.759702;11.571001;,
   40.417706;15.155302;14.966402;,
   38.863403;12.304202;21.880402;,
   35.606403;6.135811;20.811102;,
   30.511303;5.027780;20.352001;,
   35.684402;20.602001;16.396603;,
   33.839905;19.359001;23.284702;,
   34.873703;15.615502;34.280304;,
   39.226704;8.429962;32.289104;,
   -7.973321;-65.740509;71.591011;,
   -4.763190;-65.333611;64.772408;,
   -4.055971;-69.989204;67.467606;,
   -13.336902;-66.259911;64.379410;,
   -14.166302;-64.425308;70.063507;,
   -14.644902;-59.768608;75.122910;,
   -7.460170;-62.446308;77.592804;,
   0.000000;-69.462311;65.664009;,
   -4.055971;-69.989204;67.467606;,
   -4.763190;-65.333611;64.772408;,
   0.000000;-66.755211;63.472111;,
   -5.616960;-59.233009;54.956806;,
   0.000000;-60.578011;53.857906;,
   -5.862171;-49.977608;50.044006;,
   0.000000;-48.840908;48.758408;,
   0.000000;-42.173103;49.786709;,
   -7.821911;-42.581303;53.904709;,
   4.048551;-77.136009;66.384605;,
   -0.084930;-77.059509;64.873711;,
   0.083130;-73.603409;65.759705;,
   4.182270;-73.129005;67.451309;,
   5.745931;-76.823906;71.037605;,
   5.327001;-72.977104;71.739006;,
   3.459450;-76.942406;74.859306;,
   4.055971;-69.989204;67.467606;,
   5.892050;-69.432205;71.742805;,
   3.578340;-73.253708;74.862007;,
   0.000000;-73.471504;76.694206;,
   -0.881110;-77.348106;76.149109;,
   0.000000;-69.462311;65.664009;,
   4.329330;-69.143211;75.795807;,
   0.000000;-69.899605;77.464607;,
   -3.578310;-73.253708;74.862007;,
   -5.326200;-76.648407;71.936310;,
   -5.327001;-72.977104;71.739006;,
   -4.182270;-73.129005;67.451309;,
   -3.781280;-76.625404;67.309906;,
   -4.329330;-69.143211;75.795807;,
   -5.892050;-69.432205;71.742805;,
   -4.055971;-69.989204;67.467606;,
   0.083130;-73.603409;65.759705;,
   -0.084930;-77.059509;64.873711;,
   0.000000;-69.462311;65.664009;,
   0.000000;-69.899605;77.464607;,
   4.329330;-69.143211;75.795807;,
   0.000000;-63.441307;79.754211;,
   -4.329330;-69.143211;75.795807;,
   -16.516302;28.129005;86.382309;,
   -13.863402;33.632908;80.562309;,
   -19.016401;29.462902;79.831009;,
   -13.679002;33.983704;67.182007;,
   -8.878501;35.447502;88.436104;,
   -7.742751;32.564705;92.525009;,
   -4.219201;39.288403;89.929611;,
   -11.238601;31.969204;87.672905;,
   -9.295842;38.030205;83.360306;,
   -11.557902;24.235104;89.751808;,
   -9.872210;25.874704;90.788010;,
   -11.834201;30.085203;86.160011;,
   -11.557902;24.235104;89.751808;,
   -11.834201;30.085203;86.160011;,
   -16.516302;28.129005;86.382309;,
   10.407602;62.224213;75.983307;,
   11.939401;61.565804;76.772110;,
   9.386041;58.985210;77.120407;,
   0.000000;45.806404;80.996407;,
   6.727311;40.990105;84.396507;,
   8.043901;44.251305;74.802505;,
   4.188341;39.324505;90.370407;,
   8.272570;35.534500;89.120407;,
   10.544901;29.111202;92.720306;,
   6.266211;31.138102;94.927505;,
   11.222401;24.680603;96.085617;,
   9.176791;23.597603;96.434319;,
   0.257920;42.578003;90.207108;,
   1.986980;35.393303;93.823807;,
   3.464300;29.532703;95.673210;,
   -4.219201;39.288403;89.929611;,
   -4.055890;33.575703;94.052910;,
   -3.433940;27.782106;98.024216;,
   -7.742751;32.564705;92.525009;,
   -6.563021;26.180504;98.784218;,
   -10.187802;27.823006;93.706009;,
   -8.984102;22.670502;99.487312;,
   -8.242131;20.844202;96.022118;,
   -9.872210;25.874704;90.788010;,
   -11.238601;31.969204;87.672905;,
   -0.000000;72.633804;61.357006;,
   0.836210;72.814507;61.091808;,
   -0.000000;73.918709;59.559204;,
   1.810640;73.927910;59.077408;,
   -0.000000;74.235207;56.616505;,
   4.424930;74.256004;55.669006;,
   3.867340;74.064011;51.024109;,
   -0.000000;76.384209;50.563808;,
   2.491480;75.175507;62.249409;,
   4.036150;75.847008;61.518707;,
   3.967770;73.864105;58.719505;,
   6.888521;70.701805;56.535603;,
   6.770871;73.660606;51.360409;,
   5.829471;72.490204;48.404106;,
   6.929681;70.564308;52.458508;,
   3.163580;76.132706;63.700306;,
   4.632501;74.316711;62.587311;,
   5.088910;71.802208;61.429508;,
   8.036791;68.760109;60.793007;,
   8.672461;68.015305;58.741711;,
   9.954311;66.841209;55.642113;,
   8.506611;68.279106;51.501308;,
   8.718651;70.682709;63.248203;,
   8.422541;67.580009;63.059010;,
   9.703601;65.150108;62.647808;,
   9.725331;63.952209;60.256107;,
   7.370791;72.473305;67.370705;,
   7.785921;68.079208;65.045311;,
   9.514161;65.757607;64.391907;,
   9.903941;62.850708;65.559708;,
   10.581201;61.248806;63.311111;,
   10.892902;59.463112;61.105907;,
   8.654181;62.517708;58.826809;,
   8.503911;67.789711;67.279907;,
   9.031551;67.134705;68.830505;,
   8.264282;65.409309;67.607506;,
   7.953631;63.816711;67.172211;,
   10.874301;60.829906;68.846306;,
   13.495102;58.220806;65.018707;,
   13.568402;58.262108;61.321804;,
   9.298711;61.415310;70.415909;,
   10.617401;57.682812;73.958305;,
   12.905002;56.792007;72.717506;,
   15.212102;55.088608;69.681404;,
   17.849802;55.419807;61.847610;,
   15.954002;55.923206;59.978603;,
   19.893803;53.907509;56.956909;,
   19.449501;51.459007;60.800007;,
   12.164602;54.416702;76.028107;,
   18.738302;50.956707;63.170612;,
   23.591803;48.443409;65.551811;,
   25.609903;48.108608;58.867111;,
   23.111502;43.103504;64.244408;,
   21.935202;42.394905;69.068207;,
   8.445701;65.604706;54.670105;,
   2.816050;74.919106;48.633209;,
   -0.000000;76.107407;45.426205;,
   3.109740;43.030106;93.352608;,
   0.000000;43.084602;94.304504;,
   0.000000;37.478703;97.150017;,
   0.000000;47.571804;93.196510;,
   2.881900;49.466007;92.580910;,
   0.000000;48.374706;95.644707;,
   2.220230;52.330009;93.025604;,
   0.000000;58.553410;91.303207;,
   4.319820;51.876907;92.747307;,
   6.223241;54.023609;90.964005;,
   7.973190;58.686405;87.448006;,
   -0.000000;65.423706;86.921509;,
   11.005001;55.113804;84.876709;,
   9.640311;59.083508;83.516411;,
   8.514930;61.408108;85.310410;,
   5.512870;66.055809;86.093811;,
   4.642970;69.131805;83.622604;,
   -0.000000;69.403008;83.814209;,
   3.972910;69.922607;81.878006;,
   -0.000000;77.591507;79.172104;,
   9.080362;60.380409;82.789207;,
   8.260182;61.850811;84.101311;,
   6.957101;65.784111;85.200508;,
   6.511431;67.941505;82.383804;,
   10.525401;63.082905;80.683708;,
   8.977030;62.992805;81.567909;,
   8.329961;63.329407;83.147209;,
   7.149561;65.213310;83.877907;,
   12.490602;61.811008;78.516411;,
   9.922671;65.425507;77.946808;,
   7.203621;66.016106;81.153107;,
   6.091381;68.405106;80.235107;,
   11.939401;61.565804;76.772110;,
   10.407602;62.224213;75.983307;,
   8.774171;65.316811;76.098106;,
   7.328821;69.205711;77.278107;,
   6.344651;73.178604;75.790306;,
   3.405380;76.485710;78.126709;,
   3.775070;79.985909;75.207405;,
   -0.000000;82.435608;76.002411;,
   6.866050;68.540504;76.222206;,
   5.586600;72.298904;74.635010;,
   6.205171;75.577110;73.778610;,
   5.593680;77.244911;71.700706;,
   3.389670;79.221504;70.065010;,
   3.150531;81.672005;73.973106;,
   1.619950;83.125404;73.816208;,
   -0.000000;83.910210;73.939911;,
   4.870790;74.254005;72.723511;,
   4.372940;75.649010;71.265610;,
   3.226021;76.540710;70.414108;,
   2.386480;77.681305;69.641304;,
   1.017790;78.428711;69.262108;,
   1.170650;80.064110;69.294304;,
   1.700860;82.483406;72.286606;,
   -0.000000;81.886406;70.539604;,
   -0.000000;79.676910;69.454605;,
   -0.000000;78.037407;70.065308;,
   -0.000000;72.633804;61.357006;,
   -0.000000;70.212311;60.984108;,
   0.836210;72.814507;61.091808;,
   2.499830;71.370110;61.271412;,
   2.491480;75.175507;62.249409;,
   3.163580;76.132706;63.700306;,
   4.632501;74.316711;62.587311;,
   5.088910;71.802208;61.429508;,
   4.053831;69.078606;62.750607;,
   7.370791;72.473305;67.370705;,
   7.785921;68.079208;65.045311;,
   4.923150;65.762009;64.644104;,
   8.503911;67.789711;67.279907;,
   9.031551;67.134705;68.830505;,
   -0.000000;67.128708;62.071705;,
   -0.000000;61.621407;65.166206;,
   5.875451;63.918407;66.726204;,
   8.264282;65.409309;67.607506;,
   4.404910;61.934906;67.019104;,
   5.684430;63.044910;70.305504;,
   7.953631;63.816711;67.172211;,
   5.478361;60.468307;68.370705;,
   -0.000000;57.269909;67.161911;,
   4.637200;58.347610;68.813408;,
   5.461650;59.189503;71.819611;,
   5.969941;57.141605;69.390205;,
   4.870390;56.256805;68.845009;,
   6.009711;55.751308;72.232910;,
   5.083470;53.619007;69.220108;,
   6.536491;52.443008;70.209206;,
   8.117631;52.917309;71.930305;,
   7.540451;51.230408;74.738808;,
   0.000000;49.584709;70.213005;,
   0.000000;46.057205;76.095406;,
   9.386041;58.985210;77.120407;,
   6.616771;58.761906;78.119110;,
   9.071911;61.291809;74.209808;,
   10.407602;62.224213;75.983307;,
   9.736282;62.398209;74.883911;,
   8.774171;65.316811;76.098106;,
   7.945331;63.664005;75.181007;,
   7.915661;66.052505;74.624107;,
   6.866050;68.540504;76.222206;,
   6.290801;67.798111;74.568207;,
   7.148511;70.959404;72.300407;,
   5.586600;72.298904;74.635010;,
   9.071911;61.291809;74.209808;,
   6.346581;62.925407;76.006805;,
   4.760701;65.219406;75.006310;,
   7.015861;65.159706;72.767105;,
   6.938241;60.775108;76.614204;,
   -0.000000;67.350204;78.117409;,
   6.616771;58.761906;78.119110;,
   0.000000;57.740807;80.593307;,
   4.760701;65.219406;75.006310;,
   3.981490;67.016411;74.816208;,
   4.803370;69.084106;71.775505;,
   6.281091;68.625908;72.222511;,
   5.805550;69.322510;68.375710;,
   4.774150;72.279007;71.811104;,
   4.870790;74.254005;72.723511;,
   -0.000000;67.350204;78.117409;,
   3.424580;71.122810;71.824707;,
   1.764110;72.707909;70.656311;,
   0.751870;74.063408;71.193710;,
   -0.000000;74.556709;73.587708;,
   3.424580;71.122810;71.824707;,
   3.071930;72.716011;67.745308;,
   3.907880;74.383911;69.839508;,
   4.372940;75.649010;71.265610;,
   3.226021;76.540710;70.414108;,
   2.351940;75.448906;69.169807;,
   2.386480;77.681305;69.641304;,
   1.764110;72.707909;70.656311;,
   1.764110;72.707909;70.656311;,
   0.751870;74.063408;71.193710;,
   0.534520;75.116005;69.054108;,
   0.603860;75.341606;67.096008;,
   1.827070;77.017906;68.365005;,
   1.017790;78.428711;69.262108;,
   -0.000000;76.814308;68.895508;,
   -0.000000;74.556709;73.587708;,
   -0.000000;78.037407;70.065308;,
   -0.000000;76.814308;68.895508;,
   0.861810;77.649605;68.359604;,
   6.616771;58.761906;78.119110;,
   0.000000;52.586208;78.625511;,
   0.000000;57.740807;80.593307;,
   0.000000;46.057205;76.095406;,
   7.540451;51.230408;74.738808;,
   12.164602;54.416702;76.028107;,
   8.518731;55.551308;71.249908;,
   8.117631;52.917309;71.930305;,
   6.009711;55.751308;72.232910;,
   7.637281;58.647808;69.422409;,
   5.969941;57.141605;69.390205;,
   5.461650;59.189503;71.819611;,
   10.617401;57.682812;73.958305;,
   9.298711;61.415310;70.415909;,
   7.634021;61.860504;68.327507;,
   6.999861;60.750607;68.755707;,
   5.478361;60.468307;68.370705;,
   5.684430;63.044910;70.305504;,
   7.953631;63.816711;67.172211;,
   17.674202;40.144505;66.355804;,
   21.935202;42.394905;69.068207;,
   25.891403;39.438103;68.351311;,
   23.111502;43.103504;64.244408;,
   14.244302;48.338608;60.898708;,
   25.609903;48.108608;58.867111;,
   18.738302;50.956707;63.170612;,
   19.449501;51.459007;60.800007;,
   19.893803;53.907509;56.956909;,
   15.954002;55.923206;59.978603;,
   13.568402;58.262108;61.321804;,
   10.892902;59.463112;61.105907;,
   -0.000000;49.236408;62.681709;,
   8.654181;62.517708;58.826809;,
   3.417370;69.258606;52.322708;,
   8.445701;65.604706;54.670105;,
   8.506611;68.279106;51.501308;,
   6.929681;70.564308;52.458508;,
   5.829471;72.490204;48.404106;,
   3.867340;74.064011;51.024109;,
   -0.000000;68.232605;52.853706;,
   -0.000000;76.107407;45.426205;,
   2.816050;74.919106;48.633209;,
   -15.837102;44.377502;81.966110;,
   -14.489202;46.762505;83.351906;,
   -17.884302;45.656902;83.620705;,
   -15.654702;48.049007;83.596306;,
   -16.944302;50.787506;80.896606;,
   -17.200003;46.075504;79.970108;,
   -15.837102;44.377502;81.966110;,
   -15.422702;47.179802;85.693710;,
   -13.880202;48.803307;84.704308;,
   -12.600902;56.835808;82.124405;,
   -14.305602;54.258511;78.877808;,
   -16.614101;49.953609;78.303108;,
   -13.272302;47.157803;84.344711;,
   -13.272302;47.157803;84.344711;,
   -4.408210;38.314705;91.782310;,
   0.000000;36.156002;91.560806;,
   0.000000;36.934704;94.907806;,
   0.000000;37.478703;97.150017;,
   -3.109740;43.030106;93.352608;,
   -6.073941;43.179802;91.667305;,
   -7.491750;48.160007;90.854805;,
   -4.964110;49.170307;91.824707;,
   -6.223241;54.023609;90.964005;,
   -9.657370;51.409206;88.443306;,
   0.000000;43.084602;94.304504;,
   0.000000;47.571804;93.196510;,
   -2.881900;49.466007;92.580910;,
   -4.319820;51.876907;92.747307;,
   0.000000;58.553410;91.303207;,
   -7.973190;58.686405;87.448006;,
   -9.657370;51.409206;88.443306;,
   0.000000;48.374706;95.644707;,
   -2.220230;52.330009;93.025604;,
   -0.000000;65.423706;86.921509;,
   -5.512870;66.055809;86.093811;,
   -8.514930;61.408108;85.310410;,
   -9.640311;59.083508;83.516411;,
   -11.005001;55.113804;84.876709;,
   -12.189602;49.986607;85.270508;,
   -4.642970;69.131805;83.622604;,
   -6.511431;67.941505;82.383804;,
   -6.957101;65.784111;85.200508;,
   -8.260182;61.850811;84.101311;,
   -9.080362;60.380409;82.789207;,
   -0.000000;69.403008;83.814209;,
   -3.972910;69.922607;81.878006;,
   -6.091381;68.405106;80.235107;,
   -7.203621;66.016106;81.153107;,
   -7.149561;65.213310;83.877907;,
   -8.329961;63.329407;83.147209;,
   -0.000000;77.591507;79.172104;,
   -3.405380;76.485710;78.126709;,
   -6.344651;73.178604;75.790306;,
   -7.328821;69.205711;77.278107;,
   -3.775070;79.985909;75.207405;,
   -6.205171;75.577110;73.778610;,
   -5.586600;72.298904;74.635010;,
   -0.000000;82.435608;76.002411;,
   -3.150531;81.672005;73.973106;,
   -3.389670;79.221504;70.065010;,
   -5.593680;77.244911;71.700706;,
   -4.372940;75.649010;71.265610;,
   -4.870790;74.254005;72.723511;,
   -1.619950;83.125404;73.816208;,
   -1.700860;82.483406;72.286606;,
   -0.000000;83.910210;73.939911;,
   -0.000000;81.886406;70.539604;,
   -1.170650;80.064110;69.294304;,
   -1.017790;78.428711;69.262108;,
   -2.386480;77.681305;69.641304;,
   -3.226021;76.540710;70.414108;,
   -0.000000;79.676910;69.454605;,
   -0.000000;78.037407;70.065308;,
   -6.866050;68.540504;76.222206;,
   -8.774171;65.316811;76.098106;,
   -9.922671;65.425507;77.946808;,
   -10.525401;63.082905;80.683708;,
   -8.977030;62.992805;81.567909;,
   -10.407602;62.224213;75.983307;,
   -11.939401;61.565804;76.772110;,
   -12.490602;61.811008;78.516411;,
   -12.585602;58.343407;77.357109;,
   -12.887502;58.385208;78.979706;,
   -12.814402;55.686508;76.941109;,
   -15.237602;54.095509;75.139809;,
   -23.591803;48.443409;65.551811;,
   -21.935202;42.394905;69.068207;,
   -21.865103;40.592003;75.476311;,
   -12.164602;54.416702;76.028107;,
   -12.905002;56.792007;72.717506;,
   -15.212102;55.088608;69.681404;,
   -18.738302;50.956707;63.170612;,
   -25.609903;48.108608;58.867111;,
   -23.111502;43.103504;64.244408;,
   -10.617401;57.682812;73.958305;,
   -10.874301;60.829906;68.846306;,
   -13.495102;58.220806;65.018707;,
   -17.849802;55.419807;61.847610;,
   -19.449501;51.459007;60.800007;,
   -19.893803;53.907509;56.956909;,
   -15.954002;55.923206;59.978603;,
   -9.298711;61.415310;70.415909;,
   -7.953631;63.816711;67.172211;,
   -9.903941;62.850708;65.559708;,
   -10.581201;61.248806;63.311111;,
   -13.568402;58.262108;61.321804;,
   -9.514161;65.757607;64.391907;,
   -9.703601;65.150108;62.647808;,
   -9.725331;63.952209;60.256107;,
   -10.892902;59.463112;61.105907;,
   -8.264282;65.409309;67.607506;,
   -9.031551;67.134705;68.830505;,
   -8.503911;67.789711;67.279907;,
   -7.785921;68.079208;65.045311;,
   -8.422541;67.580009;63.059010;,
   -8.672461;68.015305;58.741711;,
   -9.954311;66.841209;55.642113;,
   -8.654181;62.517708;58.826809;,
   -8.718651;70.682709;63.248203;,
   -8.036791;68.760109;60.793007;,
   -6.888521;70.701805;56.535603;,
   -8.506611;68.279106;51.501308;,
   -8.445701;65.604706;54.670105;,
   -7.370791;72.473305;67.370705;,
   -5.088910;71.802208;61.429508;,
   -3.967770;73.864105;58.719505;,
   -4.424930;74.256004;55.669006;,
   -6.770871;73.660606;51.360409;,
   -6.929681;70.564308;52.458508;,
   -4.632501;74.316711;62.587311;,
   -4.036150;75.847008;61.518707;,
   -1.810640;73.927910;59.077408;,
   -0.000000;74.235207;56.616505;,
   -3.867340;74.064011;51.024109;,
   -5.829471;72.490204;48.404106;,
   -3.163580;76.132706;63.700306;,
   -2.491480;75.175507;62.249409;,
   -0.836210;72.814507;61.091808;,
   -0.000000;73.918709;59.559204;,
   -0.000000;72.633804;61.357006;,
   -0.000000;76.384209;50.563808;,
   -2.816050;74.919106;48.633209;,
   -0.000000;76.107407;45.426205;,
   -20.177301;37.514004;75.202911;,
   -16.824102;38.584404;78.562607;,
   -25.891403;39.438103;68.351311;,
   -13.880202;48.803307;84.704308;,
   -13.272302;47.157803;84.344711;,
   -12.189602;49.986607;85.270508;,
   -11.455601;46.644905;85.415710;,
   -12.030202;47.034103;86.991508;,
   -9.657370;51.409206;88.443306;,
   -9.965411;44.370403;91.413109;,
   -7.491750;48.160007;90.854805;,
   -6.073941;43.179802;91.667305;,
   -12.191602;37.796005;87.489807;,
   -13.441702;38.703606;91.021210;,
   -12.122302;39.749504;93.771111;,
   -4.408210;38.314705;91.782310;,
   -12.247402;27.893805;93.158104;,
   -5.415250;34.085903;88.680504;,
   -15.987202;36.473305;83.418808;,
   -13.871802;26.742905;91.303604;,
   -14.489202;46.762505;83.351906;,
   -15.837102;44.377502;81.966110;,
   -16.824102;38.584404;78.562607;,
   -16.584803;32.806805;82.376907;,
   -13.075502;24.252304;91.385506;,
   -5.936700;33.267204;82.142807;,
   -16.824102;38.584404;78.562607;,
   -12.613002;37.029003;77.196808;,
   -16.584803;32.806805;82.376907;,
   -5.936700;33.267204;82.142807;,
   -13.075502;24.252304;91.385506;,
   -0.000000;78.037407;70.065308;,
   -0.000000;76.814308;68.895508;,
   -1.017790;78.428711;69.262108;,
   -0.861810;77.649605;68.359604;,
   -1.827070;77.017906;68.365005;,
   -2.386480;77.681305;69.641304;,
   -2.351940;75.448906;69.169807;,
   -3.226021;76.540710;70.414108;,
   -0.603860;75.341606;67.096008;,
   -0.534520;75.116005;69.054108;,
   -0.751870;74.063408;71.193710;,
   -1.764110;72.707909;70.656311;,
   -3.071930;72.716011;67.745308;,
   -3.907880;74.383911;69.839508;,
   -4.372940;75.649010;71.265610;,
   -0.000000;76.814308;68.895508;,
   -0.000000;74.556709;73.587708;,
   -4.870790;74.254005;72.723511;,
   -4.774150;72.279007;71.811104;,
   -5.586600;72.298904;74.635010;,
   -7.148511;70.959404;72.300407;,
   -6.866050;68.540504;76.222206;,
   -3.424580;71.122810;71.824707;,
   -5.805550;69.322510;68.375710;,
   -6.281091;68.625908;72.222511;,
   -6.290801;67.798111;74.568207;,
   -7.915661;66.052505;74.624107;,
   -8.774171;65.316811;76.098106;,
   -1.764110;72.707909;70.656311;,
   -9.071911;61.291809;74.209808;,
   -6.616771;58.761906;78.119110;,
   -9.386041;58.985210;77.120407;,
   -10.407602;62.224213;75.983307;,
   -9.736282;62.398209;74.883911;,
   -7.945331;63.664005;75.181007;,
   -9.071911;61.291809;74.209808;,
   -6.346581;62.925407;76.006805;,
   -6.938241;60.775108;76.614204;,
   -6.616771;58.761906;78.119110;,
   0.000000;57.740807;80.593307;,
   -7.015861;65.159706;72.767105;,
   -4.760701;65.219406;75.006310;,
   -0.000000;67.350204;78.117409;,
   -4.760701;65.219406;75.006310;,
   -3.981490;67.016411;74.816208;,
   -0.000000;67.350204;78.117409;,
   -4.803370;69.084106;71.775505;,
   -3.424580;71.122810;71.824707;,
   -1.764110;72.707909;70.656311;,
   -0.751870;74.063408;71.193710;,
   -0.000000;74.556709;73.587708;,
   -9.386041;58.985210;77.120407;,
   -11.939401;61.565804;76.772110;,
   -10.407602;62.224213;75.983307;,
   -12.585602;58.343407;77.357109;,
   -12.814402;55.686508;76.941109;,
   0.000000;52.586208;78.625511;,
   -12.164602;54.416702;76.028107;,
   -7.540451;51.230408;74.738808;,
   -8.518731;55.551308;71.249908;,
   -10.617401;57.682812;73.958305;,
   -6.616771;58.761906;78.119110;,
   0.000000;57.740807;80.593307;,
   0.000000;46.057205;76.095406;,
   -8.117631;52.917309;71.930305;,
   -6.009711;55.751308;72.232910;,
   -7.637281;58.647808;69.422409;,
   -9.298711;61.415310;70.415909;,
   -7.634021;61.860504;68.327507;,
   -7.953631;63.816711;67.172211;,
   -5.684430;63.044910;70.305504;,
   -5.478361;60.468307;68.370705;,
   -5.969941;57.141605;69.390205;,
   -5.461650;59.189503;71.819611;,
   -6.999861;60.750607;68.755707;,
   -0.000000;72.633804;61.357006;,
   -0.836210;72.814507;61.091808;,
   -0.000000;70.212311;60.984108;,
   -2.499830;71.370110;61.271412;,
   -4.053831;69.078606;62.750607;,
   -0.000000;67.128708;62.071705;,
   -4.923150;65.762009;64.644104;,
   -0.000000;61.621407;65.166206;,
   -2.491480;75.175507;62.249409;,
   -3.163580;76.132706;63.700306;,
   -4.632501;74.316711;62.587311;,
   -5.088910;71.802208;61.429508;,
   -7.370791;72.473305;67.370705;,
   -7.785921;68.079208;65.045311;,
   -8.503911;67.789711;67.279907;,
   -9.031551;67.134705;68.830505;,
   -8.264282;65.409309;67.607506;,
   -5.875451;63.918407;66.726204;,
   -4.404910;61.934906;67.019104;,
   -5.478361;60.468307;68.370705;,
   -0.000000;57.269909;67.161911;,
   -7.953631;63.816711;67.172211;,
   -5.684430;63.044910;70.305504;,
   -7.540451;51.230408;74.738808;,
   0.000000;46.057205;76.095406;,
   0.000000;49.584709;70.213005;,
   -6.536491;52.443008;70.209206;,
   -8.117631;52.917309;71.930305;,
   -6.009711;55.751308;72.232910;,
   -5.083470;53.619007;69.220108;,
   -4.870390;56.256805;68.845009;,
   -5.969941;57.141605;69.390205;,
   -4.637200;58.347610;68.813408;,
   -5.461650;59.189503;71.819611;,
   -16.824102;38.584404;78.562607;,
   -20.177301;37.514004;75.202911;,
