xof 0303txt 0032
template VertexDuplicationIndices {
 <b8d65549-d7c9-4995-89cf-53a9a8b031e3>
 DWORD nIndices;
 DWORD nOriginalVertices;
 array DWORD indices[nIndices];
}

template EffectParamDWord {
 <e13963bc-ae51-4c5d-b00f-cfa3a9d97ce5>
 STRING ParamName;
 DWORD Value;
}

template FVFData {
 <b6e70a0e-8ef9-4e83-94ad-ecc8b0c04897>
 DWORD dwFVF;
 DWORD nDWords;
 array DWORD data[nDWords];
}

template EffectFloats {
 <f1cfe2b3-0de3-4e28-afa1-155a750a282d>
 DWORD nFloats;
 array FLOAT Floats[nFloats];
}

template EffectString {
 <d55b097e-bdb6-4c52-b03d-6051c89d0e42>
 STRING Value;
}

template EffectDWord {
 <622c0ed0-956e-4da9-908a-2af94f3ce716>
 DWORD Value;
}

template EffectInstance {
 <e331f7e4-0559-4cc2-8e99-1cec1657928f>
 STRING EffectFilename;
 [...]
}

template AnimTicksPerSecond {
 <9e415a43-7ba6-4a73-8743-b73d47e88476>
 DWORD AnimTicksPerSecond;
}

template VertexElement {
 <f752461c-1e23-48f6-b9f8-8350850f336f>
 DWORD Type;
 DWORD Method;
 DWORD Usage;
 DWORD UsageIndex;
}

template DeclData {
 <bf22e553-292c-4781-9fea-62bd554bdd93>
 DWORD nElements;
 array VertexElement Elements[nElements];
 DWORD nDWords;
 array DWORD data[nDWords];
}

template EffectParamFloats {
 <3014b9a0-62f5-478c-9b86-e4ac9f4e418b>
 STRING ParamName;
 DWORD nFloats;
 array FLOAT Floats[nFloats];
}

template EffectParamString {
 <1dbc4c88-94c1-46ee-9076-2c28818c9481>
 STRING ParamName;
 STRING Value;
}


AnimTicksPerSecond {
 4800;
}

Frame {
 

 FrameTransformMatrix {
  1.000000,0.000000,0.000000,0.000000,0.000000,1.000000,0.000000,0.000000,0.000000,0.000000,1.000000,0.000000,0.000000,0.000000,0.000000,1.000000;;
 }

 Frame Armature {
  

  FrameTransformMatrix {
   39.370079,0.000000,-0.000000,0.000000,-0.000000,0.000002,-39.370075,0.000000,0.000000,39.370075,0.000002,0.000000,0.000000,0.000000,0.000000,1.000000;;
  }

  Frame Root {
   

   FrameTransformMatrix {
    0.907410,0.419304,0.028129,0.000000,-0.409801,0.868038,0.280308,0.000000,0.093118,-0.265881,0.959498,0.000000,-11.377979,-8.002562,129.760681,1.000000;;
   }

   Frame Pelvis {
    

    FrameTransformMatrix {
     0.928071,-0.370937,-0.033003,0.000000,0.372357,0.922915,0.097868,0.000000,-0.005844,-0.103118,0.994652,0.000000,0.323816,1.328001,-9.786977,1.000000;;
    }

    Frame Cloth_Back1 {
     

     FrameTransformMatrix {
      -0.380377,0.679606,0.627254,0.000000,0.845117,-0.020039,0.534205,0.000000,0.375619,0.733303,-0.566725,0.000000,-1.769863,-25.359800,-2.377523,1.000000;;
     }

     Frame Cloth_Back2 {
      

      FrameTransformMatrix {
       0.927468,-0.047915,-0.370820,0.000000,0.176895,0.929973,0.322272,0.000000,0.329411,-0.364493,0.870996,0.000000,-21.972046,-0.978426,-2.237742,1.000000;;
      }

      Frame Cloth_Back3 {
       

       FrameTransformMatrix {
        0.957885,0.085669,-0.274077,0.000000,-0.023797,0.974860,0.221545,0.000000,0.286166,-0.205693,0.935842,0.000000,-22.484089,-1.158017,-2.839236,1.000000;;
       }
      }
     }
    }

    Frame Cloth_Front1 {
     

     FrameTransformMatrix {
      -0.288387,0.152141,0.945350,0.000000,0.937236,-0.157256,0.311220,0.000000,0.196012,0.975768,-0.097241,0.000000,0.482907,18.477661,-2.263230,1.000000;;
     }

     Frame Cloth_Front2 {
      

      FrameTransformMatrix {
       0.996617,0.005802,0.081983,0.000000,-0.040174,0.904602,0.424360,0.000000,-0.071700,-0.426218,0.901775,0.000000,-27.832748,-0.640520,1.737245,1.000000;;
      }
     }
    }

    Frame L_Hip {
     

     FrameTransformMatrix {
      0.105570,0.157415,0.981874,0.000000,0.993531,0.024849,-0.110807,0.000000,-0.041842,0.987220,-0.153773,0.000000,-14.817130,-1.001630,-8.250818,1.000000;;
     }

     Frame L_KneeUpper {
      

      FrameTransformMatrix {
       1.000000,0.000140,0.000382,0.000000,-0.000140,1.000000,-0.000058,0.000000,-0.000382,0.000058,1.000000,0.000000,-49.610428,-0.000003,-0.000008,1.000000;;
      }

      Frame L_KneeLower {
       

       FrameTransformMatrix {
        0.995349,0.000033,0.096340,0.000000,-0.000039,1.000000,0.000058,0.000000,-0.096340,-0.000061,0.995349,0.000000,-0.000006,-0.000004,0.000014,1.000000;;
       }

       Frame L_Foot {
        

        FrameTransformMatrix {
         0.894889,0.084175,0.438281,0.000000,-0.015616,0.987357,-0.157743,0.000000,-0.446017,0.134317,0.884888,0.000000,-40.010807,-0.000267,-0.000037,1.000000;;
        }

        Frame L_Toe {
         

         FrameTransformMatrix {
          0.570263,0.000971,-0.821446,0.000000,0.130755,0.987133,0.091939,0.000000,0.810975,-0.159840,0.562805,0.000000,-8.967548,0.000034,16.981121,1.000000;;
         }
        }
       }
      }
     }
    }

    Frame R_Hip {
     

     FrameTransformMatrix {
      0.236603,-0.385839,-0.891710,0.000000,0.969424,0.155228,0.190057,0.000000,0.065087,-0.909413,0.410769,0.000000,14.732708,-1.001630,-8.397905,1.000000;;
     }

     Frame R_KneeUpper {
      

      FrameTransformMatrix {
       1.000000,0.000118,0.000000,0.000000,-0.000118,1.000000,0.000028,0.000000,0.000000,-0.000028,1.000000,0.000000,49.610413,0.000000,-0.000010,1.000000;;
      }

      Frame R_KneeLower {
       

       FrameTransformMatrix {
        0.754348,0.000076,0.656475,0.000000,-0.000078,1.000000,-0.000026,0.000000,-0.656475,-0.000031,0.754348,0.000000,0.000000,-0.000003,-0.000005,1.000000;;
       }

       Frame R_Foot {
        

        FrameTransformMatrix {
         0.735567,-0.538667,0.410828,0.000000,0.153647,0.723278,0.673247,0.000000,-0.659799,-0.432095,0.614784,0.000000,40.010906,-0.000027,-0.000056,1.000000;;
        }

        Frame R_Toe {
         

         FrameTransformMatrix {
          0.524269,0.044361,-0.850398,0.000000,0.216945,0.958733,0.183759,0.000000,0.823455,-0.280828,0.493010,0.000000,8.967498,0.000000,-16.981007,1.000000;;
         }
        }
       }
      }
     }
    }
   }

   Frame Spine1 {
    

    FrameTransformMatrix {
     0.981639,0.152903,0.114043,0.000000,-0.155510,0.987731,0.014269,0.000000,-0.110462,-0.031742,0.993373,0.000000,-0.000003,-0.171042,10.351665,1.000000;;
    }

    Frame Spine2 {
     

     FrameTransformMatrix {
      0.981371,0.148672,0.121686,0.000000,-0.157664,0.985156,0.067895,0.000000,-0.109786,-0.085816,0.990244,0.000000,0.000000,-2.757633,11.144137,1.000000;;
     }

     Frame Spine3 {
      

      FrameTransformMatrix {
       0.979568,0.129435,0.153929,0.000000,-0.162972,0.959345,0.230427,0.000000,-0.117846,-0.250805,0.960838,0.000000,0.000004,-4.182881,11.862040,1.000000;;
      }

      Frame Scarf1 {
       

       FrameTransformMatrix {
        0.574851,0.524808,0.627792,0.000000,-0.760208,0.626364,0.172487,0.000000,-0.302703,-0.576407,0.759030,0.000000,-10.623770,-35.929558,31.426521,1.000000;;
       }

       Frame Scarf2 {
        

        FrameTransformMatrix {
         0.970638,0.209029,-0.119031,0.000000,-0.220626,0.970789,-0.094302,0.000000,0.095842,0.117795,0.988402,0.000000,-37.365887,0.279627,-0.296542,1.000000;;
        }

        Frame Scarf3 {
         

         FrameTransformMatrix {
          0.932939,-0.253878,0.255286,0.000000,0.200868,0.955477,0.216137,0.000000,-0.298793,-0.150363,0.942398,0.000000,-32.611240,-0.086274,0.005867,1.000000;;
         }
        }
       }
      }

      Frame L_Clavicle {
       

       FrameTransformMatrix {
        0.612449,-0.730327,-0.302537,0.000000,0.773224,0.633045,0.037122,0.000000,0.164409,-0.256664,0.952414,0.000000,-6.054514,0.190841,8.437583,1.000000;;
       }

       Frame L_Shoulde_Pad {
        

        FrameTransformMatrix {
         0.852192,0.081691,0.516813,0.000000,-0.121693,0.991595,0.043925,0.000000,-0.508881,-0.100325,0.854971,0.000000,-28.017485,-10.754301,22.509539,1.000000;;
        }
       }

       Frame L_Shoulder {
        

        FrameTransformMatrix {
         0.599703,-0.296098,0.743426,0.000000,-0.460253,0.632353,0.623134,0.000000,-0.654616,-0.715860,0.242944,0.000000,-23.000998,-11.420001,2.546023,1.000000;;
        }

        Frame L_Elbow {
         

         FrameTransformMatrix {
          0.159892,-0.987134,0.000001,0.000000,0.987134,0.159892,0.000001,0.000000,-0.000001,0.000001,1.000000,0.000000,-39.053234,0.000002,0.000012,1.000000;;
         }

         Frame L_Hand {
          

          FrameTransformMatrix {
           0.804666,0.567343,0.175026,0.000000,0.004618,-0.300764,0.953687,0.000000,0.593709,-0.766592,-0.244634,0.000000,-38.456459,0.000031,0.000003,1.000000;;
          }

          Frame L_Pinky1 {
           

           FrameTransformMatrix {
            -0.167035,0.034694,0.985340,0.000000,-0.407161,0.907757,-0.100985,0.000000,-0.897953,-0.418060,-0.137501,0.000000,-13.179208,-10.105002,-3.654205,1.000000;;
           }

           Frame L_Pinky2 {
            

            FrameTransformMatrix {
             0.918094,0.000094,0.396364,0.000000,-0.000102,1.000000,-0.000001,0.000000,-0.396364,-0.000040,0.918094,0.000000,-5.775720,-0.000001,0.000038,1.000000;;
            }
           }
          }

          Frame L_Ring1 {
           

           FrameTransformMatrix {
            0.381816,0.155686,0.911031,0.000000,-0.332396,0.942887,-0.021822,0.000000,-0.862397,-0.294491,0.411759,0.000000,-16.040703,-5.734058,-1.697874,1.000000;;
           }

           Frame L_Ring2 {
            

            FrameTransformMatrix {
             0.918094,0.000094,0.396364,0.000000,-0.000102,1.000000,-0.000001,0.000000,-0.396364,-0.000040,0.918094,0.000000,-6.792421,-0.000050,0.000019,1.000000;;
            }
           }
          }

          Frame L_Middle1 {
           

           FrameTransformMatrix {
            0.880280,0.134647,0.454948,0.000000,-0.121139,0.990888,-0.058874,0.000000,-0.458730,-0.003286,0.888570,0.000000,-17.351604,-0.155086,-2.327423,1.000000;;
           }

           Frame L_Middle2 {
            

            FrameTransformMatrix {
             0.927255,0.000094,0.374431,0.000000,-0.000102,1.000000,0.000001,0.000000,-0.374431,-0.000039,0.927256,0.000000,-7.346098,0.000054,-0.000008,1.000000;;
            }
           }
          }

          Frame L_Index1 {
           

           FrameTransformMatrix {
            0.985780,-0.103180,0.132635,0.000000,0.111853,0.991931,-0.059674,0.000000,-0.125408,0.073662,0.989367,0.000000,-17.948709,5.902495,-1.923739,1.000000;;
           }

           Frame L_Index2 {
            

            FrameTransformMatrix {
             0.869707,0.000092,0.493568,0.000000,-0.000105,1.000000,-0.000001,0.000000,-0.493568,-0.000051,0.869707,0.000000,-7.063943,-0.000042,0.000000,1.000000;;
            }
           }
          }

          Frame L_Thumb1 {
           

           FrameTransformMatrix {
            0.641549,-0.612938,0.461218,0.000000,0.655135,0.125057,-0.745089,0.000000,0.399015,0.780172,0.481788,0.000000,-5.522514,8.072011,-3.812408,1.000000;;
           }

           Frame L_Thumb2 {
            

            FrameTransformMatrix {
             0.696169,0.000079,0.717877,0.000000,-0.000113,1.000001,-0.000000,0.000000,-0.717877,-0.000081,0.696169,0.000000,-9.608192,-0.000038,0.000000,1.000000;;
            }
           }
          }
         }
        }
       }
      }

      Frame R_Clavicle {
       

       FrameTransformMatrix {
        0.567401,0.823343,-0.012808,0.000000,0.792016,-0.549936,-0.265110,0.000000,-0.225319,0.140279,-0.964131,0.000000,5.363879,1.503560,13.660262,1.000000;;
       }

       Frame R_Shoulde_Pad {
        

        FrameTransformMatrix {
         0.896710,-0.316256,0.309667,0.000000,0.116304,0.843395,0.524554,0.000000,-0.427065,-0.434358,0.793063,0.000000,28.603930,14.867422,-12.507258,1.000000;;
        }
       }

       Frame R_Shoulder {
        

        FrameTransformMatrix {
         0.471916,-0.876560,-0.094536,0.000000,0.877624,0.477284,-0.044461,0.000000,0.084093,-0.061985,0.994528,0.000000,23.001005,11.420000,-2.546127,1.000000;;
        }

        Frame R_Elbow {
         

         FrameTransformMatrix {
          0.694374,-0.719614,-0.000000,0.000000,0.719614,0.694374,0.000000,0.000000,0.000000,-0.000000,1.000000,0.000000,48.095142,-0.000482,-0.000167,1.000000;;
         }

         Frame R_Hand {
          

          FrameTransformMatrix {
           0.028881,0.990689,-0.133044,0.000000,-0.986508,0.006792,-0.163574,0.000000,-0.161147,0.135973,0.977519,0.000000,47.276260,-0.000473,-0.000034,1.000000;;
          }

          Frame Weapon {
           

           FrameTransformMatrix {
            -0.327913,0.005029,0.944694,0.000000,-0.942745,-0.066071,-0.326885,0.000000,0.060773,-0.997799,0.026406,0.000000,9.617961,5.239177,7.347290,1.000000;;
           }
          }

          Frame R_Pinky1 {
           

           FrameTransformMatrix {
            -0.298109,-0.201268,0.933071,0.000000,-0.160106,0.974212,0.158990,0.000000,-0.941009,-0.101994,-0.322645,0.000000,15.298146,10.018443,9.252729,1.000000;;
           }

           Frame R_Pinky2 {
            

            FrameTransformMatrix {
             0.289218,0.000034,0.957264,0.000000,-0.000117,1.000000,0.000000,0.000000,-0.957263,-0.000112,0.289217,0.000000,5.775735,-0.000072,-0.000038,1.000000;;
            }
           }
          }

          Frame R_Ring1 {
           

           FrameTransformMatrix {
            -0.173256,0.000830,0.984876,0.000000,-0.119340,0.992613,-0.021830,0.000000,-0.977620,-0.121318,-0.171878,0.000000,17.745464,5.531787,6.192184,1.000000;;
           }

           Frame R_Ring2 {
            

            FrameTransformMatrix {
             0.289219,0.000034,0.957264,0.000000,-0.000120,1.000000,0.000001,0.000000,-0.957263,-0.000115,0.289218,0.000000,6.792494,-0.000122,-0.000022,1.000000;;
            }
           }
          }

          Frame R_Middle1 {
           

           FrameTransformMatrix {
            -0.048201,0.053376,0.997410,0.000000,-0.121109,0.990891,-0.058880,0.000000,-0.991468,-0.123633,-0.041298,0.000000,17.104563,0.429179,7.450226,1.000000;;
           }

           Frame R_Middle2 {
            

            FrameTransformMatrix {
             0.289218,0.000036,0.957263,0.000000,-0.000122,1.000000,-0.000001,0.000000,-0.957263,-0.000116,0.289218,0.000000,7.346115,-0.000171,-0.000076,1.000000;;
            }
           }
          }

          Frame R_Index1 {
           

           FrameTransformMatrix {
            -0.183199,0.079614,0.979847,0.000000,0.111852,0.991931,-0.059683,0.000000,-0.976692,0.098664,-0.190626,0.000000,16.833565,-5.416923,7.896240,1.000000;;
           }

           Frame R_Index2 {
            

            FrameTransformMatrix {
             0.289220,0.000034,0.957263,0.000000,-0.000120,1.000000,0.000001,0.000000,-0.957263,-0.000115,0.289220,0.000000,7.063943,-0.000098,-0.000026,1.000000;;
            }
           }
          }

          Frame R_Thumb1 {
           

           FrameTransformMatrix {
            0.376345,-0.618299,0.689979,0.000000,0.836269,-0.093840,-0.540229,0.000000,0.398771,0.780321,0.481748,0.000000,5.522396,-8.072086,3.812330,1.000000;;
           }

           Frame R_Thumb2 {
            

            FrameTransformMatrix {
             0.281684,0.000031,0.959506,0.000000,-0.000113,1.000000,0.000000,0.000000,-0.959506,-0.000108,0.281684,0.000000,9.608309,-0.000008,-0.000055,1.000000;;
            }
           }
          }
         }
        }
       }
      }

      Frame Neck {
       

       FrameTransformMatrix {
        0.996276,0.003703,-0.086146,0.000000,0.030727,0.918243,0.394825,0.000000,0.080565,-0.396001,0.914709,0.000000,-0.000009,-1.939525,26.844692,1.000000;;
       }

       Frame Head {
        

        FrameTransformMatrix {
         0.789273,-0.241219,0.564678,0.000000,0.611669,0.389635,-0.688510,0.000000,-0.053937,0.888818,0.455074,0.000000,-0.671790,5.007449,4.865250,1.000000;;
        }
       }
      }
     }
    }
   }
  }
 }

 Frame Model {
  

  FrameTransformMatrix {
   39.370079,0.000000,0.000003,0.000000,0.000003,-0.000006,-39.370079,0.000000,0.000000,39.370079,-0.000006,0.000000,0.000000,0.000000,0.000000,1.000000;;
  }

  Mesh Model {
   4636;
   98.747803;8.853010;175.158005;,
   100.000000;10.993600;176.731995;,
   101.251999;8.853010;175.158005;,
   100.000000;10.858499;173.970993;,
   98.989403;-9.494980;139.522003;,
   100.000000;-11.530599;137.035004;,
   101.011002;-9.494980;139.522003;,
   100.000000;-11.169500;140.044998;,
   101.252998;13.410700;119.160995;,
   100.000000;16.029100;117.087006;,
   98.747002;13.410700;119.160995;,
   100.000000;15.103899;120.650993;,
   95.908600;4.167930;17.979200;,
   96.534103;4.117950;32.856701;,
   100.000000;5.945100;18.065500;,
   95.003403;0.000020;32.764999;,
   96.273102;3.987700;44.675098;,
   100.000000;5.385040;44.504501;,
   100.000000;5.676330;32.681099;,
   103.466003;4.117950;32.856701;,
   104.091003;4.167930;17.979200;,
   95.003403;0.000000;18.057899;,
   95.908501;-4.167940;17.979200;,
   96.533997;-4.117950;32.856701;,
   96.273102;-3.987700;44.675098;,
   95.003403;0.000020;44.713299;,
   96.231598;4.101050;56.396603;,
   100.000000;6.080570;56.240894;,
   100.000000;-5.945100;18.065500;,
   100.000000;-5.676340;32.681099;,
   100.000000;-5.385030;44.504501;,
   100.000000;-6.080560;56.240894;,
   96.231598;-4.101040;56.396603;,
   95.003403;0.000020;56.421799;,
   103.466003;-4.117950;32.856701;,
   103.726997;-3.987700;44.675098;,
   103.767998;-4.101040;56.396603;,
   100.000000;-6.570820;59.907398;,
   96.309700;-4.615410;61.594898;,
   104.091003;-4.167940;17.979200;,
   104.997002;0.000020;32.764999;,
   104.997002;0.000020;44.713299;,
   104.997002;0.000020;56.421799;,
   103.690002;-4.615410;61.594898;,
   104.997002;0.000000;18.057899;,
   103.726997;3.987700;44.675098;,
   103.767998;4.101050;56.396603;,
   103.690002;4.615420;61.594898;,
   104.997002;0.000020;62.227295;,
   100.000000;6.570830;59.907398;,
   96.309700;4.615430;61.594898;,
   95.003403;0.000020;62.227295;,
   104.091003;4.167930;17.979200;,
   104.997002;0.000000;18.057899;,
   108.706993;0.000000;16.257999;,
   104.091003;-4.167940;17.979200;,
   106.911003;-6.876690;15.863499;,
   104.519997;-4.566610;8.103390;,
   104.997002;0.000000;8.067830;,
   104.519997;4.566600;8.103390;,
   106.911003;6.876690;15.863499;,
   100.000000;5.945100;18.065500;,
   100.000000;-5.945100;18.065500;,
   100.000000;-10.007000;16.132999;,
   100.000000;-7.016240;8.345841;,
   100.000000;0.000000;2.812960;,
   100.000000;7.016240;8.345841;,
   100.000000;10.007000;16.132999;,
   93.088997;6.876690;15.863499;,
   95.908600;4.167930;17.979200;,
   91.292900;0.000000;16.257999;,
   95.003403;0.000000;18.057899;,
   95.480301;4.566600;8.103390;,
   95.003403;0.000000;8.067830;,
   95.480301;-4.566610;8.103390;,
   93.088997;-6.876690;15.863499;,
   95.908501;-4.167940;17.979200;,
   100.000000;-7.016240;8.345841;,
   100.000000;-10.007000;16.132999;,
   100.000000;-5.945100;18.065500;,
   96.309700;-4.615410;61.594898;,
   100.000000;-6.570820;59.907398;,
   100.000000;-9.039730;59.523201;,
   103.690002;-4.615410;61.594898;,
   105.778000;-10.150700;61.363503;,
   103.841003;-15.274499;59.047199;,
   100.000000;-14.936400;57.632706;,
   96.159401;-15.274499;59.047199;,
   94.221703;-10.150700;61.363503;,
   106.066002;-5.292280;62.715500;,
   109.182999;-6.856220;66.905800;,
   105.860001;-13.055700;68.747597;,
   104.778000;-14.586501;66.164703;,
   103.879997;-20.603100;66.930702;,
   104.997002;0.000020;62.825806;,
   104.997002;0.000020;65.879898;,
   106.536003;-3.769590;71.471100;,
   108.966003;-9.719730;71.962997;,
   104.997002;0.000020;62.227295;,
   103.690002;4.615420;61.594898;,
   106.066002;5.292290;62.715500;,
   109.182999;6.856210;66.905800;,
   106.536003;3.769600;71.471100;,
   104.997002;0.000020;69.961304;,
   105.778000;10.150700;61.363503;,
   105.860001;13.055700;68.747597;,
   108.966003;9.719750;71.962997;,
   106.551003;6.498150;75.363098;,
   106.362999;3.400370;71.900703;,
   100.000000;9.039730;59.523201;,
   103.841003;15.274499;59.047199;,
   104.778000;14.586501;66.164703;,
   100.000000;6.570830;59.907398;,
   96.309700;4.615430;61.594898;,
   94.221703;10.150700;61.363503;,
   96.159401;15.274499;59.047199;,
   100.000000;14.936499;57.632706;,
   103.879997;20.603100;66.930702;,
   93.934402;5.292310;62.715500;,
   90.816498;6.856210;66.905800;,
   94.140198;13.055700;68.747597;,
   95.221703;14.586501;66.164703;,
   96.120102;20.603100;66.930702;,
   95.003403;0.000020;62.825806;,
   95.003403;0.000020;65.879898;,
   93.464203;3.769600;71.471100;,
   91.034401;9.719760;71.962997;,
   95.003403;0.000020;62.227295;,
   93.934402;-5.292280;62.715500;,
   90.816498;-6.856220;66.905800;,
   93.464203;-3.769590;71.471100;,
   95.003403;0.000020;69.961304;,
   94.140198;-13.055700;68.747597;,
   91.034401;-9.719730;71.962997;,
   93.448601;-6.498140;75.363098;,
   93.637100;-3.400370;71.900703;,
   95.221703;-14.586501;66.164703;,
   96.325699;-13.986800;68.262398;,
   96.498398;-14.685400;74.780197;,
   95.158401;-14.322899;75.103302;,
   91.314003;-10.717200;79.139900;,
   96.120003;-20.603100;66.930702;,
   95.949203;-19.216299;69.232002;,
   100.000000;-14.864899;68.421402;,
   100.000000;-16.798800;72.284698;,
   96.543800;-16.086800;73.748299;,
   100.000000;-22.712999;68.959801;,
   100.000000;-20.892700;72.969803;,
   104.051003;-19.216299;69.232002;,
   103.674004;-13.986800;68.262398;,
   103.501999;-14.685400;74.780197;,
   103.456001;-16.086800;73.748299;,
   103.377998;-18.855000;76.246498;,
   100.000000;-20.469101;75.403503;,
   96.622002;-18.855000;76.246498;,
   104.842003;-14.322899;75.103302;,
   103.411003;-14.843000;82.125298;,
   108.686005;-10.717200;79.139900;,
   104.410004;-14.492000;82.214600;,
   103.875999;-12.596900;90.061401;,
   100.000000;-14.951499;85.232697;,
   103.389999;-21.488100;86.370102;,
   106.551003;-6.498140;75.363098;,
   106.315002;-7.454590;80.083702;,
   108.177994;-9.916310;87.471199;,
   107.720001;-7.311120;93.920700;,
   104.997002;-9.890470;96.769203;,
   106.362999;-3.400370;71.900703;,
   106.671997;-5.824260;75.828499;,
   106.774002;-6.552750;80.509697;,
   106.542000;-5.955960;84.837402;,
   105.917999;-7.178120;86.199799;,
   104.997002;0.000020;70.649200;,
   108.958000;0.000020;73.541199;,
   108.839996;-2.277910;73.746399;,
   109.630005;-3.232650;76.673500;,
   108.839996;2.277940;73.746399;,
   110.773003;0.000019;76.970001;,
   109.879997;-3.746930;80.704498;,
   109.315010;-3.635080;84.474998;,
   106.671997;5.824270;75.828499;,
   109.630005;3.232660;76.673500;,
   109.879997;3.746940;80.704498;,
   111.244003;0.000021;80.669998;,
   110.773003;0.000019;84.762703;,
   106.315002;7.454620;80.083702;,
   106.774002;6.552740;80.509697;,
   109.315010;3.635100;84.474998;,
   108.686005;10.717301;79.139900;,
   108.177994;9.916340;87.471199;,
   105.917999;7.178130;86.199799;,
   106.542000;5.955960;84.837402;,
   108.483009;2.345170;87.541298;,
   104.842003;14.322899;75.103302;,
   104.410004;14.492000;82.214600;,
   103.875999;12.597000;90.061401;,
   107.720001;7.311160;93.920700;,
   105.514000;5.158860;91.918198;,
   103.501999;14.685400;74.780197;,
   103.411003;14.843000;82.125298;,
   100.000000;14.951499;85.232697;,
   104.997002;9.890510;96.769203;,
   103.674004;13.986800;68.262398;,
   103.456001;16.086800;73.748299;,
   103.377998;18.855101;76.246498;,
   103.389999;21.488100;86.370102;,
   100.000000;14.864899;68.421402;,
   100.000000;16.798800;72.284698;,
   100.000000;20.469200;75.403503;,
   100.000000;25.855200;92.054298;,
   104.051003;19.216299;69.232002;,
   100.000000;20.892700;72.969803;,
   95.949203;19.216299;69.232002;,
   96.325699;13.986800;68.262398;,
   100.000000;22.712999;68.959801;,
   96.498398;14.685400;74.780197;,
   96.543800;16.086800;73.748299;,
   96.622002;18.855101;76.246498;,
   96.610298;21.488100;86.370102;,
   95.158401;14.322899;75.103302;,
   96.589401;14.843000;82.125298;,
   91.314003;10.717301;79.139900;,
   95.590202;14.492000;82.214600;,
   96.124298;12.597000;90.061401;,
   93.448601;6.498150;75.363098;,
   93.684700;7.454620;80.083702;,
   91.821899;9.916340;87.471199;,
   92.279701;7.311170;93.920700;,
   95.003403;9.890510;96.769203;,
   93.637100;3.400370;71.900703;,
   93.328201;5.824280;75.828499;,
   93.225998;6.552740;80.509697;,
   93.457703;5.955980;84.837402;,
   94.082298;7.178130;86.199799;,
   95.003403;0.000020;70.649200;,
   91.041901;0.000019;73.541199;,
   91.160301;2.277940;73.746399;,
   90.370201;3.232660;76.673500;,
   91.160301;-2.277910;73.746399;,
   89.226700;0.000021;76.970001;,
   90.120300;3.746940;80.704498;,
   90.685097;3.635100;84.474998;,
   93.328201;-5.824260;75.828499;,
   90.370201;-3.232650;76.673500;,
   90.120300;-3.746930;80.704498;,
   88.755501;0.000018;80.669998;,
   89.226700;0.000021;84.762703;,
   93.684700;-7.454590;80.083702;,
   93.225998;-6.552750;80.509697;,
   90.684998;-3.635080;84.474998;,
   91.821899;-9.916310;87.471199;,
   94.082298;-7.178120;86.199799;,
   93.457703;-5.955950;84.837402;,
   91.516701;-2.345150;87.541298;,
   95.590202;-14.492000;82.214600;,
   96.124298;-12.596900;90.061401;,
   92.279701;-7.311130;93.920700;,
   94.485497;-5.158840;91.918198;,
   94.044197;-3.521270;89.145699;,
   96.589401;-14.843000;82.125298;,
   95.003403;-9.890470;96.769203;,
   92.669998;-2.728020;100.199997;,
   95.003403;-2.048030;96.326103;,
   96.610298;-21.488100;86.370102;,
   100.000000;-25.855101;92.054298;,
   95.003403;0.000020;90.482697;,
   95.003403;0.000020;96.292297;,
   95.003403;2.048070;96.326103;,
   94.485497;5.158870;91.918198;,
   94.044197;3.521310;89.145699;,
   91.041901;0.000019;88.126099;,
   95.003403;0.000020;105.638000;,
   95.003403;1.824260;105.912003;,
   92.669998;2.728040;100.199997;,
   95.003403;-1.824240;105.912003;,
   95.003403;0.000020;132.123001;,
   95.003403;-11.500500;107.950005;,
   95.003403;-9.131690;132.123001;,
   100.000000;-19.445299;101.915001;,
   100.000000;-19.018200;105.573997;,
   100.000000;-12.114700;132.164001;,
   104.997002;-11.500500;107.950005;,
   104.997002;-9.131690;132.123001;,
   100.000000;-11.530599;137.035004;,
   98.989403;-9.494980;139.522003;,
   95.003403;-8.596040;140.296997;,
   104.997002;-1.824240;105.912003;,
   104.997002;0.000020;132.123001;,
   104.997002;-8.596040;140.296997;,
   101.011002;-9.494980;139.522003;,
   100.000000;-10.585400;144.914993;,
   100.000000;-11.169500;140.044998;,
   107.330002;-2.728020;100.199997;,
   104.997002;-2.048030;96.326103;,
   104.997002;0.000020;105.638000;,
   105.514000;-5.158840;91.918198;,
   104.997002;0.000020;90.482697;,
   104.997002;0.000020;96.292297;,
   104.997002;2.048070;96.326103;,
   104.997002;1.824260;105.912003;,
   105.956001;-3.521270;89.145699;,
   108.958000;0.000020;88.126099;,
   105.956001;3.521310;89.145699;,
   108.483009;-2.345120;87.541298;,
   107.330002;2.728040;100.199997;,
   104.997002;11.500500;107.950005;,
   104.997002;10.316100;120.036003;,
   104.997002;9.131719;132.123001;,
   95.003403;-8.060380;154.675003;,
   95.003403;0.000032;154.675003;,
   95.003403;8.060460;154.675003;,
   95.003403;9.131719;132.123001;,
   100.000000;-10.376600;164.126007;,
   95.003403;-9.392919;194.479004;,
   95.003403;0.000032;194.479004;,
   95.003403;8.726700;174.576996;,
   104.997002;-8.060380;154.675003;,
   104.997002;-9.392919;194.479004;,
   100.000000;-11.475400;186.578003;,
   100.000000;-13.894600;201.725998;,
   95.003403;-10.356700;212.483002;,
   104.997002;0.000032;154.675003;,
   104.997002;0.000032;194.479004;,
   104.997002;-10.356700;212.483002;,
   104.997002;8.060460;154.675003;,
   104.997002;8.726700;174.576996;,
   104.997002;9.393000;194.479004;,
   104.997002;10.356800;212.483002;,
   104.997002;0.000044;236.039993;,
   100.000000;10.585400;144.914993;,
   100.000000;10.376701;164.126007;,
   100.000000;12.114801;132.164001;,
   100.000000;10.858499;173.970993;,
   101.252998;13.410700;119.160995;,
   100.000000;15.103899;120.650993;,
   98.747002;13.410700;119.160995;,
   95.003403;10.316100;120.036003;,
   100.000000;16.029100;117.087006;,
   100.000000;19.018200;105.573997;,
   95.003403;11.500500;107.950005;,
   100.000000;19.445299;101.915001;,
   101.251999;8.853010;175.158005;,
   100.000000;10.993600;176.731995;,
   100.000000;11.475500;186.578003;,
   100.000000;13.894701;201.725998;,
   100.000000;16.994499;213.598999;,
   98.747803;8.853010;175.158005;,
   95.003403;9.393000;194.479004;,
   95.003403;10.356800;212.483002;,
   95.003403;0.000044;236.039993;,
   100.000000;0.000044;244.807007;,
   100.000000;-16.994400;213.598999;,
   91.516701;2.345170;87.541298;,
   18.700600;12.711600;174.112000;,
   23.694300;13.233200;162.093994;,
   22.425400;10.349500;180.794006;,
   31.405600;11.227500;158.863007;,
   42.376202;7.326180;149.072006;,
   22.029600;3.086010;187.186005;,
   52.458302;0.801590;149.632004;,
   55.636902;-13.749200;151.884003;,
   21.096600;-7.363190;189.796997;,
   34.782700;10.548700;155.436996;,
   36.100800;9.553770;150.546997;,
   47.696201;-27.732498;150.569000;,
   17.598301;-18.129997;187.546997;,
   15.325400;-24.823500;180.585007;,
   37.713799;-31.045101;150.029007;,
   31.968000;-31.241600;152.518005;,
   23.984600;-29.583002;157.337006;,
   10.595899;-25.166300;173.567993;,
   37.713799;-31.045101;150.029007;,
   47.696201;-27.732498;150.569000;,
   46.240601;-35.859501;149.862000;,
   55.506004;-27.363100;149.981003;,
   57.143200;-34.483898;156.766006;,
   48.306999;-39.225601;156.468994;,
   37.757099;-37.069401;150.007996;,
   31.968000;-31.241600;152.518005;,
   55.636902;-13.749200;151.884003;,
   60.390598;-14.620699;150.593994;,
   63.275295;-26.332600;157.214005;,
   57.043503;-27.736799;162.990005;,
   47.321999;-36.476700;162.817993;,
   59.861797;-1.657070;149.309006;,
   66.687599;-3.853170;156.906998;,
   66.660301;-15.167099;157.257004;,
   62.814201;-14.273901;163.557999;,
   52.458302;0.801590;149.632004;,
   53.651501;8.523320;148.632004;,
   63.982494;3.772750;156.059998;,
   60.944302;-0.237490;162.306000;,
   42.376202;7.326180;149.072006;,
   44.482300;13.159099;148.727005;,
   47.566399;17.754997;157.822006;,
   57.006100;11.758000;155.878998;,
   56.903999;10.686000;162.253006;,
   59.837902;-0.727650;171.727005;,
   36.100800;9.553770;150.546997;,
   36.884399;15.689701;150.981003;,
   34.569599;17.117701;156.365005;,
   38.907700;21.011200;165.317001;,
   44.263401;16.580900;167.475006;,
   49.547699;14.938800;163.195999;,
   34.782700;10.548700;155.436996;,
   31.405600;11.227500;158.863007;,
   31.342899;17.602900;159.421997;,
   32.352100;21.501801;167.203995;,
   38.616299;20.837999;171.781006;,
   43.638802;19.339300;170.343994;,
   44.808498;16.115200;170.820007;,
   23.694300;13.233200;162.093994;,
   25.582701;19.257698;162.115997;,
   27.425699;20.578501;171.591003;,
   33.337700;21.546600;174.701996;,
   35.409000;21.520800;172.459000;,
   22.800200;20.242001;165.365997;,
   19.280800;18.982700;175.968994;,
   27.013901;19.619101;178.442001;,
   18.700600;12.711600;174.112000;,
   20.208900;18.562901;178.893005;,
   29.902399;18.611401;184.931000;,
   34.548302;20.654200;180.656998;,
   32.967899;21.361500;177.787003;,
   22.425400;10.349500;180.794006;,
   29.105700;16.743702;190.412003;,
   35.772999;16.361000;188.087006;,
   37.402401;19.835501;182.283997;,
   37.115898;17.998699;180.417999;,
   34.654701;18.520800;179.182007;,
   27.620701;10.597600;192.447006;,
   31.948500;10.892600;191.712997;,
   22.029600;3.086010;187.186005;,
   29.998098;3.015570;200.412994;,
   32.020901;8.743040;196.757004;,
   34.817600;7.392190;195.438995;,
   34.483898;9.313690;190.509995;,
   21.096600;-7.363190;189.796997;,
   28.260202;-4.296010;203.839005;,
   33.588902;-5.317510;202.171005;,
   34.519600;1.766260;199.604996;,
   38.412399;0.879860;194.014008;,
   37.945099;8.362001;189.541000;,
   26.222799;-13.704600;203.367996;,
   31.796000;-14.457901;202.179001;,
   36.652199;-10.108700;195.675995;,
   25.171200;-19.537100;201.292007;,
   29.782198;-21.183500;199.878998;,
   34.931400;-21.213900;193.201004;,
   47.387402;-12.216601;189.903000;,
   47.575600;-0.091970;188.179993;,
   17.598301;-18.129997;187.546997;,
   19.618200;-25.643400;193.686996;,
   23.890200;-27.304399;196.528000;,
   28.034401;-26.981501;195.832993;,
   32.812698;-26.313200;188.981003;,
   43.643299;-24.068197;188.207001;,
   15.325400;-24.823500;180.585007;,
   19.288099;-32.900799;190.182999;,
   23.782400;-29.098701;192.632996;,
   27.450100;-28.931700;192.158997;,
   28.834400;-34.467400;189.020996;,
   37.302898;-30.719700;185.505005;,
   8.939440;-30.987700;178.197006;,
   15.880400;-34.570202;179.914993;,
   20.322001;-34.840599;186.996002;,
   10.595899;-25.166300;173.567993;,
   8.451440;-31.765902;174.550003;,
   15.935200;-35.993401;173.485001;,
   21.027201;-39.031101;176.320007;,
   21.181902;-38.677299;179.863007;,
   21.200600;-35.765499;158.535004;,
   19.984100;-38.584301;168.272003;,
   22.890100;-39.820801;174.035004;,
   23.984600;-29.583002;157.337006;,
   30.381798;-37.319401;152.800995;,
   26.544500;-41.260201;166.632996;,
   26.584299;-39.990204;173.126007;,
   23.622700;-38.071899;174.240005;,
   36.223202;-41.719799;158.194000;,
   32.209702;-39.809101;168.242996;,
   32.473900;-40.253899;171.712006;,
   38.101200;-38.820301;163.865005;,
   33.855202;-38.273701;172.031998;,
   31.167803;-38.749401;174.007004;,
   30.724098;-38.921200;174.376999;,
   26.646797;-39.559399;173.475006;,
   43.706699;-37.075500;171.281006;,
   35.418301;-37.099201;176.503006;,
   32.080799;-37.235600;174.242996;,
   31.348900;-38.223000;176.320999;,
   28.477802;-40.310699;177.151993;,
   55.619598;-27.151802;171.987000;,
   42.849499;-35.167500;179.468994;,
   60.935905;-14.106800;171.968002;,
   58.472603;-14.018501;181.054001;,
   53.473000;-26.523800;180.744995;,
   58.128300;-0.512870;180.942001;,
   39.277302;-35.379101;179.910004;,
   51.943501;10.267400;179.123001;,
   52.667702;12.549900;171.009995;,
   46.151001;14.344699;176.188004;,
   48.461300;12.079900;179.356995;,
   44.615898;10.119600;186.253998;,
   43.311901;15.244800;174.261993;,
   43.687599;19.069401;175.837006;,
   46.553699;18.280800;178.175995;,
   47.578701;15.662899;181.037003;,
   43.090900;14.322299;186.330002;,
   42.627102;15.989101;173.042999;,
   42.311501;17.052799;175.082001;,
   41.218700;16.962000;178.298996;,
   43.186298;19.369400;179.744003;,
   40.859798;18.874800;181.789001;,
   41.950199;18.438997;172.834000;,
   41.650002;17.643400;173.044006;,
   41.245804;19.282700;175.156998;,
   38.317001;19.308399;172.397995;,
   38.409199;20.739799;173.960999;,
   38.072701;20.444000;176.834000;,
   40.569302;18.820700;178.820007;,
   35.409698;19.327101;172.815002;,
   35.118999;20.749302;174.744003;,
   34.607300;20.134800;177.955002;,
   37.512596;19.571699;179.766006;,
   39.698700;17.212500;179.938995;,
   33.630699;18.797600;174.550003;,
   33.382702;18.530399;177.173004;,
   36.952599;-39.082298;180.917007;,
   35.174301;-36.338799;186.007004;,
   29.570400;-39.653900;182.554993;,
   31.090500;-40.923901;180.270004;,
   33.752800;-41.380402;178.311996;,
   26.940302;-38.983501;183.421005;,
   26.897299;-37.476101;181.395996;,
   29.213398;-37.599300;180.503998;,
   30.203600;-38.131199;178.701996;,
   31.489599;-40.777000;176.776993;,
   23.682400;-38.675999;182.589005;,
   24.345301;-37.130699;180.809006;,
   27.025902;-39.453701;180.169006;,
   22.463499;-36.515202;178.660995;,
   23.642700;-39.026600;178.865997;,
   25.069000;-40.114498;175.707001;,
   22.355600;-36.770401;176.005997;,
   32.724998;-36.552700;175.632004;,
   65.327698;-10.663600;87.902901;,
   65.048103;-11.112701;84.700600;,
   63.033901;-12.066700;88.131302;,
   63.098305;-12.538200;84.902901;,
   63.273102;-15.019499;85.162102;,
   63.054203;-14.880299;88.405800;,
   65.790604;-15.531600;88.298698;,
   65.611198;-15.782099;85.183601;,
   64.499603;-16.243999;82.675301;,
   63.924000;-11.457300;82.102600;,
   61.845798;-12.959900;82.202698;,
   62.115898;-15.541299;82.510101;,
   64.231102;-16.074900;80.241501;,
   62.703300;-15.681901;79.859100;,
   64.140198;-15.223200;79.455803;,
   63.852600;-12.420900;79.792801;,
   62.495804;-13.368301;79.639198;,
   63.951397;-13.394800;79.048302;,
   64.140198;-15.223200;79.455803;,
   65.607903;-15.147501;79.982903;,
   64.231102;-16.074900;80.241501;,
   65.443100;-13.012999;79.715897;,
   66.568497;-14.951600;82.599098;,
   64.499603;-16.243999;82.675301;,
   63.951397;-13.394800;79.048302;,
   63.852600;-12.420900;79.792801;,
   63.924000;-11.457300;82.102600;,
   66.400497;-12.336400;82.291397;,
   67.607002;-14.443699;85.116997;,
   65.611198;-15.782099;85.183601;,
   65.048103;-11.112701;84.700600;,
   67.420700;-11.919700;84.859901;,
   67.765800;-11.630700;88.152397;,
   67.837303;-14.275000;88.381203;,
   65.790604;-15.531600;88.298698;,
   65.327698;-10.663600;87.902901;,
   -21.659000;-38.677299;179.863007;,
   -22.940500;-36.515202;178.660995;,
   -21.504200;-39.031101;176.320007;,
   -24.822298;-37.130699;180.809006;,
   -24.159403;-38.675999;182.589005;,
   -20.799000;-34.840599;186.996002;,
   -16.357403;-34.570202;179.914993;,
   -63.750195;-15.019499;85.162102;,
   -66.088203;-15.782099;85.183601;,
   -64.976700;-16.243999;82.675301;,
   -66.267601;-15.531600;88.298698;,
   -63.531200;-14.880299;88.405800;,
   -63.510899;-12.066700;88.131302;,
   -63.575397;-12.538200;84.902901;,
   -65.525101;-11.112701;84.700600;,
   -65.804703;-10.663600;87.902901;,
   -64.401001;-11.457300;82.102600;,
   -64.976700;-16.243999;82.675301;,
   -66.088203;-15.782099;85.183601;,
   -67.045502;-14.951600;82.599098;,
   -68.084000;-14.443699;85.116997;,
   -66.877502;-12.336400;82.291397;,
   -65.920097;-13.012999;79.715897;,
   -66.084900;-15.147501;79.982903;,
   -64.617203;-15.223200;79.455803;,
   -64.428497;-13.394800;79.048302;,
   -66.267601;-15.531600;88.298698;,
   -68.314301;-14.275000;88.381203;,
   -68.242798;-11.630700;88.152397;,
   -67.897697;-11.919700;84.859901;,
   -65.525101;-11.112701;84.700600;,
   -64.401001;-11.457300;82.102600;,
   -64.329597;-12.420900;79.792801;,
   -65.804703;-10.663600;87.902901;,
   -1.658790;-9.642820;36.654598;,
   -2.623180;-17.043400;35.940899;,
   -6.010990;-9.230580;34.328999;,
   -7.796420;-19.454201;34.229900;,
   -28.389999;-11.220400;34.477299;,
   -25.331600;-19.931700;34.250801;,
   -31.453398;-16.857901;36.555199;,
   -32.037300;-8.736770;36.488400;,
   -24.959299;-2.916180;34.369099;,
   -28.489599;-0.086960;36.684601;,
   -23.830700;3.764990;36.532799;,
   -17.776300;1.576600;34.474800;,
   -17.713900;4.861450;36.483898;,
   -11.578301;4.036800;36.457802;,
   -9.487940;-2.275280;34.411098;,
   -6.576490;1.003000;36.469101;,
   -6.010990;-9.230580;34.328999;,
   -1.658790;-9.642820;36.654598;,
   -4.763560;-9.516250;12.256400;,
   -7.546550;-16.417900;1.668040;,
   -7.480800;-9.350640;1.668040;,
   -6.972900;-19.797003;12.926800;,
   -10.684900;-22.855200;1.668040;,
   -15.778101;-24.720800;11.987900;,
   -15.713000;-25.172701;1.668040;,
   -20.748501;-23.748899;1.668040;,
   -7.839590;-18.360399;20.092199;,
   -15.715701;-24.049400;19.044800;,
   -24.876200;-20.474100;12.580300;,
   -24.848000;-19.736300;1.668040;,
   -27.346903;-12.622200;1.668040;,
   -5.766930;-9.859181;20.439199;,
   -8.685510;-17.857500;26.901100;,
   -16.169701;-22.767300;26.509701;,
   -24.688997;-19.931101;20.214800;,
   -29.050400;-12.841800;13.197100;,
   -29.350302;-6.300310;12.193400;,
   -28.707003;-6.334680;1.668040;,
   -6.443290;-9.809390;27.659101;,
   -6.010990;-9.230580;34.328999;,
   -7.796420;-19.454201;34.229900;,
   -16.104500;-23.632698;34.187401;,
   -25.190500;-20.149300;26.869501;,
   -28.432098;-11.527300;20.952299;,
   -26.851501;-2.675330;21.493702;,
   -26.537300;3.667850;17.384600;,
   -29.774000;0.957910;9.433350;,
   -30.386499;1.060080;1.668040;,
   -25.331600;-19.931700;34.250801;,
   -27.664301;-11.061600;27.791901;,
