xof 0303txt 0032
template VertexDuplicationIndices {
 <b8d65549-d7c9-4995-89cf-53a9a8b031e3>
 DWORD nIndices;
 DWORD nOriginalVertices;
 array DWORD indices[nIndices];
}

template EffectParamDWord {
 <e13963bc-ae51-4c5d-b00f-cfa3a9d97ce5>
 STRING ParamName;
 DWORD Value;
}

template FVFData {
 <b6e70a0e-8ef9-4e83-94ad-ecc8b0c04897>
 DWORD dwFVF;
 DWORD nDWords;
 array DWORD data[nDWords];
}

template EffectFloats {
 <f1cfe2b3-0de3-4e28-afa1-155a750a282d>
 DWORD nFloats;
 array FLOAT Floats[nFloats];
}

template EffectString {
 <d55b097e-bdb6-4c52-b03d-6051c89d0e42>
 STRING Value;
}

template EffectDWord {
 <622c0ed0-956e-4da9-908a-2af94f3ce716>
 DWORD Value;
}

template EffectInstance {
 <e331f7e4-0559-4cc2-8e99-1cec1657928f>
 STRING EffectFilename;
 [...]
}

template AnimTicksPerSecond {
 <9e415a43-7ba6-4a73-8743-b73d47e88476>
 DWORD AnimTicksPerSecond;
}

template VertexElement {
 <f752461c-1e23-48f6-b9f8-8350850f336f>
 DWORD Type;
 DWORD Method;
 DWORD Usage;
 DWORD UsageIndex;
}

template DeclData {
 <bf22e553-292c-4781-9fea-62bd554bdd93>
 DWORD nElements;
 array VertexElement Elements[nElements];
 DWORD nDWords;
 array DWORD data[nDWords];
}

template EffectParamFloats {
 <3014b9a0-62f5-478c-9b86-e4ac9f4e418b>
 STRING ParamName;
 DWORD nFloats;
 array FLOAT Floats[nFloats];
}

template EffectParamString {
 <1dbc4c88-94c1-46ee-9076-2c28818c9481>
 STRING ParamName;
 STRING Value;
}


AnimTicksPerSecond {
 4800;
}

Frame {
 

 FrameTransformMatrix {
  1.000000,0.000000,0.000000,0.000000,0.000000,1.000000,0.000000,0.000000,0.000000,0.000000,1.000000,0.000000,0.000000,0.000000,0.000000,1.000000;;
 }

 Frame Armature {
  

  FrameTransformMatrix {
   39.370079,0.000000,-0.000000,0.000000,-0.000000,0.000002,-39.370075,0.000000,0.000000,39.370075,0.000002,0.000000,0.000000,0.000000,0.000000,1.000000;;
  }

  Frame Mini_Root {
   

   FrameTransformMatrix {
    -0.940931,0.338547,-0.005864,0.000000,-0.002673,0.009890,0.999947,0.000000,0.338587,0.940898,-0.008401,0.000000,-159.482193,-283.740143,-60.042801,1.000000;;
   }

   Frame Mini_Spine1 {
    

    FrameTransformMatrix {
     -0.000002,-0.024404,-0.999702,0.000000,-1.000000,0.000062,0.000001,0.000000,0.000062,0.999702,-0.024404,0.000000,-0.000304,19.831156,-8.912347,1.000000;;
    }

    Frame Mini_Pelvis {
     

     FrameTransformMatrix {
      1.000000,0.000086,0.000000,0.000000,-0.000086,1.000000,0.000000,0.000000,0.000000,0.000000,1.000000,0.000000,7.988770,0.000018,-2.137207,1.000000;;
     }

     Frame R_Mini_Hip {
      

      FrameTransformMatrix {
       -0.350719,0.580848,-0.734583,0.000000,0.551631,0.762016,0.339168,0.000000,0.756769,-0.286266,-0.587667,0.000000,7.448204,10.337909,-2.534885,1.000000;;
      }

      Frame R_Mini_Knee {
       

       FrameTransformMatrix {
        -0.737408,-0.000082,0.675447,0.000000,-0.000111,1.000000,0.000000,0.000000,-0.675447,-0.000075,-0.737408,0.000000,19.329107,-0.000005,0.000000,1.000000;;
       }

       Frame R_Mini_Foot {
        

        FrameTransformMatrix {
         -0.936700,-0.335667,0.099604,0.000000,-0.345425,0.932417,-0.106207,0.000000,-0.057222,-0.133889,-0.989343,0.000000,13.659535,0.000026,0.000000,1.000000;;
        }

        Frame R_Mini_Toe {
         

         FrameTransformMatrix {
          1.000000,0.000088,0.000000,0.000000,-0.000088,1.000000,0.000000,0.000000,0.000000,0.000000,1.000000,0.000000,12.393711,0.000204,0.000070,1.000000;;
         }
        }
       }
      }
     }

     Frame L_Mini_Hip {
      

      FrameTransformMatrix {
       0.156042,0.466391,0.870706,0.000000,-0.686840,0.684738,-0.243688,0.000000,-0.709860,-0.560011,0.427184,0.000000,7.447994,-10.337816,-2.534852,1.000000;;
      }

      Frame L_Mini_Knee {
       

       FrameTransformMatrix {
        -0.739693,-0.000083,0.672944,0.000000,-0.000111,1.000000,0.000000,0.000000,-0.672944,-0.000075,-0.739693,0.000000,-19.329611,0.000061,0.000015,1.000000;;
       }

       Frame L_Mini_Foot {
        

        FrameTransformMatrix {
         -0.967929,0.178244,0.177038,0.000000,0.158125,0.979853,-0.122003,0.000000,-0.195218,-0.090096,-0.976613,0.000000,-13.660003,0.000000,-0.000010,1.000000;;
        }

        Frame L_Mini_Toe {
         

         FrameTransformMatrix {
          1.000000,0.000086,0.000000,0.000000,-0.000086,0.999999,0.000000,0.000000,0.000000,0.000000,1.000000,0.000000,-12.393880,0.000022,-0.000002,1.000000;;
         }
        }
       }
      }
     }
    }

    Frame Mini_Spine2 {
     

     FrameTransformMatrix {
      1.000000,0.000086,-0.000086,0.000000,-0.000086,1.000000,0.000000,0.000000,0.000086,0.000000,1.000000,0.000000,-13.452999,0.001939,7.066642,1.000000;;
     }

     Frame R_Mini_Shoulder {
      

      FrameTransformMatrix {
       -0.359595,0.665266,-0.654303,0.000000,0.812543,0.568001,0.130957,0.000000,0.458765,-0.484558,-0.744808,0.000000,-6.882058,17.777136,-9.307628,1.000000;;
      }

      Frame R_Mini_Elbow {
       

       FrameTransformMatrix {
        0.408847,-0.912590,0.000007,0.000000,0.912612,0.408857,-0.000026,0.000000,0.000021,0.000017,1.000000,0.000000,12.244400,-0.000712,0.000000,1.000000;;
       }

       Frame R_Mini_Hand {
        

        FrameTransformMatrix {
         0.976031,0.217530,0.002054,0.000000,-0.212683,0.956182,-0.201269,0.000000,-0.045746,0.196008,0.979527,0.000000,9.304907,0.000025,0.000000,1.000000;;
        }
       }
      }
     }

     Frame L_Mini_Shoulder {
      

      FrameTransformMatrix {
       0.249122,0.708788,0.659968,0.000000,-0.837693,0.499680,-0.220434,0.000000,-0.486014,-0.497935,0.718228,0.000000,-6.883427,-17.776403,-9.307632,1.000000;;
      }

      Frame L_Mini_Elbow {
       

       FrameTransformMatrix {
        0.158007,-0.987438,-0.000000,0.000000,0.987438,0.158007,0.000000,0.000000,0.000000,-0.000000,1.000000,0.000000,-12.246065,0.000000,0.000026,1.000000;;
       }

       Frame L_Mini_Hand {
        

        FrameTransformMatrix {
         0.568912,0.785489,-0.243611,0.000000,-0.766239,0.613859,0.189880,0.000000,0.298691,0.078639,0.951104,0.000000,-9.306408,-0.000015,-0.000015,1.000000;;
        }
       }
      }
     }

     Frame Mini_Head {
      

      FrameTransformMatrix {
       0.999999,0.000086,-0.000086,0.000000,-0.000086,1.000000,0.000086,0.000000,0.000086,-0.000086,0.999999,0.000000,-8.844518,0.001969,6.489287,1.000000;;
      }
     }
    }
   }
  }

  Frame Mushroom {
   

   FrameTransformMatrix {
    -1.138490,-0.000000,0.000000,0.000000,0.000000,0.000000,0.946407,0.000000,-0.000000,1.143732,0.000000,0.000000,-46.823021,25.835100,1.448536,1.000000;;
   }
  }

  Frame Root {
   

   FrameTransformMatrix {
    0.232753,-0.329660,-0.914959,0.000000,0.969701,0.006884,0.244198,0.000000,-0.074204,-0.944074,0.321274,0.000000,-19.461611,-19.610281,-143.518005,1.000000;;
   }

   Frame L_Mushroom2 {
    

    FrameTransformMatrix {
     0.860695,0.275902,-0.666138,0.000000,-0.174386,-0.926879,-0.609214,0.000000,-0.699608,0.570465,-0.667664,0.000000,-22.391891,-39.606194,2.491398,1.000000;;
    }
   }

   Frame L_Mushroom1 {
    

    FrameTransformMatrix {
     1.075340,0.211086,-0.244427,0.000000,0.028902,-0.909258,-0.658081,0.000000,-0.321662,0.623978,-0.876265,0.000000,-48.956100,-23.335989,-13.404190,1.000000;;
    }
   }

   Frame R_Mushroom3 {
    

    FrameTransformMatrix {
     0.793281,-0.515730,-0.604470,0.000000,-0.045910,-0.882473,0.692670,0.000000,-0.793256,-0.464674,-0.644579,0.000000,-0.974027,48.383286,0.971245,1.000000;;
    }
   }

   Frame R_Mushroom2 {
    

    FrameTransformMatrix {
     0.764035,-0.332301,-0.752653,0.000000,-0.037951,-1.040276,0.420763,0.000000,-0.821869,-0.260880,-0.719117,0.000000,-14.201498,17.285105,18.924299,1.000000;;
    }
   }

   Frame R_Mushroom1 {
    

    FrameTransformMatrix {
     0.934131,-0.368586,-0.502197,0.000000,0.141533,-0.755911,0.818062,0.000000,-0.606651,-0.743909,-0.582435,0.000000,-34.181496,33.652596,-12.853904,1.000000;;
    }
   }

   Frame Top_Fat {
    

    FrameTransformMatrix {
     0.998618,-0.052468,0.000000,0.000000,0.052460,0.998468,-0.017305,0.000000,0.000908,0.017281,0.999845,0.000000,-49.060783,0.007663,-2.488276,1.000000;;
    }
   }

   Frame R_Fat {
    

    FrameTransformMatrix {
     -0.999995,-0.000086,-0.000088,0.000000,-0.000086,0.999995,-0.000086,0.000000,0.000088,-0.000086,-0.999995,0.000000,37.534389,70.869972,-51.097301,1.000000;;
    }
   }

   Frame Pelvis {
    

    FrameTransformMatrix {
     0.868962,0.067518,-0.490252,0.000000,-0.051286,0.997601,0.046487,0.000000,0.492215,-0.015252,0.870340,0.000000,8.294775,0.001952,30.982985,1.000000;;
    }

    Frame R_Hip {
     

     FrameTransformMatrix {
      0.500931,0.712315,-0.491606,0.000000,-0.581431,0.697711,0.418494,0.000000,0.641098,0.076198,0.763667,0.000000,10.455513,26.217190,6.462129,1.000000;;
     }

     Frame R_KneeUpper {
      

      FrameTransformMatrix {
       1.000000,-0.000028,-0.000762,0.000000,0.000028,1.000000,-0.000762,0.000000,0.000762,0.000762,0.999999,0.000000,75.017151,-0.000020,0.000000,1.000000;;
      }

      Frame R_KneeLower {
       

       FrameTransformMatrix {
        -0.705633,0.036463,0.707638,0.000000,0.028959,0.999325,-0.022616,0.000000,-0.707985,0.004534,-0.706213,0.000000,-0.000014,0.000015,0.000017,1.000000;;
       }

       Frame R_Foot {
        

        FrameTransformMatrix {
         0.637023,-0.291195,0.713727,0.000000,0.680868,0.646668,-0.343859,0.000000,-0.361415,0.705000,0.610208,0.000000,60.020718,0.000005,0.000000,1.000000;;
        }

        Frame R_Toe {
         

         FrameTransformMatrix {
          -0.975901,0.112996,-0.186658,0.000000,0.109721,0.993573,0.027818,0.000000,0.188602,0.006667,-0.982031,0.000000,-48.088219,-5.795374,-8.379623,1.000000;;
         }
        }
       }
      }
     }
    }

    Frame L_Hip {
     

     FrameTransformMatrix {
      -0.176643,0.913514,0.366454,0.000000,0.843874,0.332195,-0.421334,0.000000,-0.506629,0.234816,-0.829571,0.000000,10.455422,-26.217211,6.462182,1.000000;;
     }

     Frame L_KneeUpper {
      

      FrameTransformMatrix {
       0.999999,0.000130,-0.001526,0.000000,-0.000130,1.000000,-0.000190,0.000000,0.001526,0.000190,0.999999,0.000000,-75.026115,0.000009,0.000046,1.000000;;
      }

      Frame L_KneeLower {
       

       FrameTransformMatrix {
        -0.961974,0.000408,0.273141,0.000000,-0.008703,0.999445,-0.032142,0.000000,-0.273003,-0.033297,-0.961437,0.000000,0.000029,-0.000016,0.000000,1.000000;;
       }

       Frame L_Foot {
        

        FrameTransformMatrix {
         0.982157,-0.056375,-0.179421,0.000000,0.073628,-0.762609,0.642655,0.000000,-0.173058,-0.644399,-0.744851,0.000000,-60.023399,-0.000071,0.000005,1.000000;;
        }

        Frame L_Toe {
         

         FrameTransformMatrix {
          -0.975725,-0.114694,0.186565,0.000000,0.110894,-0.993357,-0.030712,0.000000,0.188848,-0.009277,0.981962,0.000000,48.091446,-5.714087,-8.416792,1.000000;;
         }
        }
       }
      }
     }
    }
   }

   Frame Spine1 {
    

    FrameTransformMatrix {
     0.894070,-0.417623,0.161955,0.000000,0.440112,0.886283,-0.144233,0.000000,-0.083303,0.200233,0.976201,0.000000,-24.748899,46.626404,-40.228901,1.000000;;
    }

    Frame L_Chest {
     

     FrameTransformMatrix {
      0.894021,0.051364,0.445673,0.000000,-0.033140,0.998536,-0.048604,0.000000,-0.447398,0.028675,0.894176,0.000000,40.673889,-69.557259,-57.434998,1.000000;;
     }
    }

    Frame Chest2 {
     

     FrameTransformMatrix {
      0.910510,0.231272,-0.342746,0.000000,-0.208706,0.972652,0.101879,0.000000,0.356936,-0.021229,0.933882,0.000000,29.512392,-6.487826,-112.080040,1.000000;;
     }
    }

    Frame Chest1 {
     

     FrameTransformMatrix {
      0.910510,0.231272,-0.342746,0.000000,-0.208706,0.972652,0.101879,0.000000,0.356936,-0.021229,0.933882,0.000000,-19.193111,-20.634802,-76.449532,1.000000;;
     }
    }

    Frame R_Chest {
     

     FrameTransformMatrix {
      -0.890941,-0.053433,-0.451558,0.000000,-0.041589,0.998749,-0.036125,0.000000,0.452802,-0.013401,-0.891810,0.000000,44.849491,69.864517,-65.078072,1.000000;;
     }
    }

    Frame R_Clavicle {
     

     FrameTransformMatrix {
      -1.000000,-0.000086,-0.000086,0.000000,-0.000086,1.000000,-0.000000,0.000000,0.000086,0.000000,-1.000000,0.000000,12.471994,35.234695,-12.567596,1.000000;;
     }

     Frame R_Shoulder {
      

      FrameTransformMatrix {
       0.674673,0.468699,0.570208,0.000000,-0.671075,0.067808,0.738282,0.000000,0.307368,-0.880752,0.360280,0.000000,-31.898756,31.219984,17.922747,1.000000;;
      }

      Frame R_Elbow {
       

       FrameTransformMatrix {
        -0.092022,0.441598,0.892481,0.000000,-0.073025,0.890878,-0.448334,0.000000,-0.993076,-0.106430,-0.049733,0.000000,69.304108,0.001955,0.001541,1.000000;;
       }

       Frame R_Hand {
        

        FrameTransformMatrix {
         0.998613,-0.052063,0.007840,0.000000,0.018699,0.489903,0.871577,0.000000,-0.049218,-0.870221,0.490197,0.000000,42.676208,-0.000015,0.000015,1.000000;;
        }

        Frame R_Finger {
         

         FrameTransformMatrix {
          0.966971,-0.183985,-0.176392,0.000000,-0.033391,0.594648,-0.803291,0.000000,0.252685,0.782651,0.568866,0.000000,7.907094,0.691646,-2.855696,1.000000;;
         }
        }
       }
      }
     }
    }

    Frame L_Clavicle {
     

     FrameTransformMatrix {
      0.984283,0.176596,-0.000078,0.000000,-0.176596,0.984283,0.000093,0.000000,0.000093,-0.000078,1.000000,0.000000,12.471909,-35.234688,-12.567602,1.000000;;
     }

     Frame L_Shoulder {
      

      FrameTransformMatrix {
       0.086501,0.709331,0.699548,0.000000,-0.742015,-0.422679,0.520342,0.000000,0.664779,-0.564085,0.489773,0.000000,31.898886,-31.217712,-17.922701,1.000000;;
      }

      Frame L_Elbow {
       

       FrameTransformMatrix {
        -0.198181,0.446324,0.872651,0.000000,-0.047393,0.884905,-0.463354,0.000000,-0.979019,-0.133186,-0.154218,0.000000,-75.938919,0.001963,0.001534,1.000000;;
       }

       Frame L_Hand {
        

        FrameTransformMatrix {
         0.913750,0.059741,0.401860,0.000000,-0.301559,0.762569,0.572321,0.000000,-0.272255,-0.644143,0.714813,0.000000,-56.077209,0.000031,0.000031,1.000000;;
        }

        Frame L_Finger {
         

         FrameTransformMatrix {
          0.966972,-0.183985,-0.176392,0.000000,-0.033391,0.594648,-0.803293,0.000000,0.252685,0.782651,0.568864,0.000000,-7.906366,-0.689812,2.856947,1.000000;;
         }
        }
       }
      }
     }
    }

    Frame Head {
     

     FrameTransformMatrix {
      0.974062,0.197446,0.110539,0.000000,-0.208720,0.972657,0.101856,0.000000,-0.087406,-0.122286,0.988639,0.000000,-61.860493,-37.603199,6.422723,1.000000;;
     }

     Frame Upper_Lip {
      

      FrameTransformMatrix {
       1.000000,0.000086,0.000000,0.000000,-0.000086,1.000000,0.000000,0.000000,0.000000,0.000000,1.000000,0.000000,3.629515,0.000000,-60.009521,1.000000;;
      }
     }

     Frame L_Eye {
      

      FrameTransformMatrix {
       -0.000196,0.965923,0.258809,0.000000,-0.000003,0.258808,-0.965922,0.000000,-0.999994,-0.000190,-0.000048,0.000000,-11.216613,-26.809458,-33.115681,1.000000;;
      }
     }

     Frame R_Eye {
      

      FrameTransformMatrix {
       -0.000003,0.965883,-0.258960,0.000000,0.000003,0.258960,0.965883,0.000000,0.999994,0.000003,-0.000003,0.000000,-11.216618,26.807999,-33.113312,1.000000;;
      }
     }

     Frame Jaw {
      

      FrameTransformMatrix {
       0.971518,0.000096,-0.236966,0.000000,-0.000075,1.000000,0.000096,0.000000,0.236966,-0.000075,0.971518,0.000000,22.696941,-0.804993,0.237412,1.000000;;
      }

      Frame R_Tongue6 {
       

       FrameTransformMatrix {
        -0.927157,-0.373980,-0.022818,0.000000,-0.362492,0.879938,0.307098,0.000000,-0.094770,0.292999,-0.951404,0.000000,36.296806,17.645632,8.768467,1.000000;;
       }
      }

      Frame L_Tongue6 {
       

       FrameTransformMatrix {
        0.270530,0.207051,0.940184,0.000000,-0.194304,0.968244,-0.157321,0.000000,-0.942900,-0.140122,0.302170,0.000000,36.296818,-12.233601,8.768453,1.000000;;
       }
      }

      Frame R_Lip {
       

       FrameTransformMatrix {
        -1.000000,-0.000086,-0.000088,0.000000,-0.000086,1.000000,-0.000000,0.000000,0.000088,0.000000,-1.000000,0.000000,5.213098,52.142498,-11.486415,1.000000;;
       }
      }

      Frame L_Lip {
       

       FrameTransformMatrix {
        1.000001,0.000086,0.000000,0.000000,-0.000086,1.000000,0.000000,0.000000,0.000000,0.000000,1.000001,0.000000,5.213104,-52.142498,-11.486400,1.000000;;
       }
      }

      Frame Tongue1 {
       

       FrameTransformMatrix {
        0.933029,0.000065,-0.359802,0.000000,-0.000069,1.000000,0.000001,0.000000,0.359802,0.000024,0.933029,0.000000,62.010124,2.703156,6.763415,1.000000;;
       }
      }

      Frame Tongue2 {
       

       FrameTransformMatrix {
        0.042507,0.000000,-0.999096,0.000000,-0.000003,1.000000,-0.000000,0.000000,0.999096,0.000003,0.042507,0.000000,49.419617,2.703156,-25.892824,1.000000;;
       }
      }

      Frame Tongue3 {
       

       FrameTransformMatrix {
        -0.898993,-0.000103,-0.437963,0.000000,-0.000064,1.000000,-0.000103,0.000000,0.437963,-0.000064,-0.898993,0.000000,19.447401,2.703160,-27.163919,1.000000;;
       }
      }

      Frame Tongue4 {
       

       FrameTransformMatrix {
        -0.760385,-0.000051,0.649474,0.000000,-0.000110,1.000000,-0.000051,0.000000,-0.649474,-0.000110,-0.760384,0.000000,8.062690,2.703163,-3.798762,1.000000;;
       }
      }

      Frame Tongue5 {
       

       FrameTransformMatrix {
        0.292199,0.000018,0.956357,0.000000,-0.000120,1.000000,0.000018,0.000000,-0.956357,-0.000120,0.292199,0.000000,23.001068,2.703161,13.695656,1.000000;;
       }
      }
     }
    }
   }

   Frame L_Fat {
    

    FrameTransformMatrix {
     0.999995,0.000086,-0.000086,0.000000,-0.000086,0.999995,0.000086,0.000000,0.000086,-0.000086,0.999995,0.000000,37.519821,-75.064629,-51.063545,1.000000;;
    }
   }
  }
 }

 Frame Model {
  

  FrameTransformMatrix {
   39.370079,0.000000,0.000003,0.000000,0.000003,-0.000006,-39.370079,0.000000,0.000000,39.370079,-0.000006,0.000000,-0.000167,-0.000100,0.000073,1.000000;;
  }

  Mesh Model {
   5566;
   -0.142879;-21.860901;24.779499;,
   -0.408434;-24.391399;31.142500;,
   -4.167540;-25.603001;32.686901;,
   -12.283600;-20.894699;29.477200;,
   -7.595530;-16.207100;22.557899;,
   2.735620;-18.916599;22.848200;,
   -8.126950;-15.194499;15.670299;,
   3.769670;-17.786600;17.284800;,
   -15.449701;-19.962200;33.153999;,
   -20.623199;-14.249400;31.818701;,
   -16.348301;-14.048400;26.091997;,
   -15.363101;-7.853340;22.548901;,
   -19.283600;-9.961681;27.224899;,
   -22.032600;-7.362630;27.113398;,
   -24.146900;3.364420;29.130697;,
   -18.066698;5.651960;23.669100;,
   -17.447397;5.973870;16.209200;,
   -16.189100;-3.831580;15.410600;,
   -22.923201;-8.719980;32.070400;,
   -26.759001;-0.090107;32.147598;,
   -27.369303;5.662210;31.365700;,
   -25.575800;14.802901;30.484701;,
   -18.426399;14.012200;25.084299;,
   -11.795400;17.910700;23.688700;,
   -10.227500;19.777300;16.864700;,
   -18.356701;15.483200;1.221700;,
   -21.283800;2.545060;0.925843;,
   -20.063601;25.674299;31.048700;,
   -6.241810;29.129803;30.651199;,
   -1.364950;23.254997;24.798100;,
   1.549280;25.362200;9.130420;,
   -5.656510;26.795603;0.278319;,
   -12.190900;22.528700;1.010850;,
   5.881310;23.278601;25.453800;,
   8.364030;22.894800;18.233803;,
   5.323080;27.469200;0.735101;,
   -3.381540;31.112602;32.776100;,
   10.546100;27.311897;31.153402;,
   15.742600;17.269100;25.362499;,
   15.735899;17.216200;16.317900;,
   12.993700;24.781500;-3.041210;,
   5.884600;31.329201;35.519699;,
   21.853300;23.368000;34.904099;,
   27.313402;16.270300;33.384201;,
   27.954000;8.536620;29.678400;,
   22.184900;8.373060;25.649000;,
   19.503300;12.214700;13.994299;,
   17.742203;20.368900;0.775993;,
   28.375002;14.302701;35.896000;,
   33.689701;-2.040460;34.558701;,
   26.859699;-3.251900;26.956800;,
   22.135597;-1.601870;24.250200;,
   21.903797;-0.184559;14.689000;,
   24.931200;7.558150;-0.980175;,
   22.993299;15.066499;-1.399270;,
   18.589100;18.652800;-7.803560;,
   29.177999;-5.260750;34.049801;,
   31.811003;-9.204940;34.248604;,
   24.363199;-14.763000;27.603798;,
   18.454500;-11.123901;23.682699;,
   19.074699;-9.593759;12.118600;,
   25.288000;-3.699870;-1.502350;,
   21.964300;9.960890;-7.878870;,
   28.190998;-15.857400;33.510201;,
   21.256298;-21.233700;31.280598;,
   12.400800;-21.297800;27.145500;,
   11.101400;-17.607800;23.176300;,
   12.768700;-15.262200;14.960901;,
   20.878403;-12.707300;-1.462970;,
   18.965300;-2.093670;-8.888340;,
   7.373730;-26.857002;32.769299;,
   -0.142879;-21.860901;24.779499;,
   2.735620;-18.916599;22.848200;,
   3.769670;-17.786600;17.284800;,
   6.321020;-17.895000;12.259600;,
   14.014400;-17.215099;2.143070;,
   0.896937;-26.302000;32.806198;,
   -0.408434;-24.391399;31.142500;,
   7.330340;-20.878099;-0.006624;,
   15.636501;-13.655501;-5.004050;,
   -18.098600;-7.752140;0.514999;,
   -11.344401;-16.375299;0.471006;,
   -4.622020;-19.135099;3.996940;,
   6.321020;-17.895000;12.259600;,
   0.231545;-21.377098;0.427248;,
   7.330340;-20.878099;-0.006624;,
   -15.449701;-19.962200;33.153999;,
   -8.784520;-8.416010;47.448101;,
   -20.623199;-14.249400;31.818701;,
   -0.302033;-18.104500;42.187801;,
   1.080000;-7.463290;51.648399;,
   -0.810824;1.016510;54.801205;,
   -18.450701;1.464280;43.561001;,
   -13.675800;-6.189510;43.418999;,
   -19.283600;-9.961681;27.224899;,
   -4.167540;-25.603001;32.686901;,
   -0.408434;-24.391399;31.142500;,
   0.896937;-26.302000;32.806198;,
   5.763040;-22.887800;39.306400;,
   10.011900;-12.328500;47.939098;,
   9.113550;-2.363730;52.973701;,
   7.373730;-26.857002;32.769299;,
   17.215500;-22.860500;35.991001;,
   17.951401;-18.379400;40.798698;,
   16.832899;-7.455140;47.567600;,
   15.450699;-2.193660;49.612701;,
   8.128510;4.193110;54.154400;,
   21.256298;-21.233700;31.280598;,
   28.190998;-15.857400;33.510201;,
   31.811003;-9.204940;34.248604;,
   25.323797;-5.927260;39.507702;,
   24.173300;-3.881130;36.309898;,
   25.247902;-1.373360;40.049000;,
   15.477701;3.403130;49.910500;,
   29.177999;-5.260750;34.049801;,
   33.689701;-2.040460;34.558701;,
   20.385000;13.191900;41.985699;,
   11.763600;14.682901;48.637402;,
   2.337640;12.790399;53.082001;,
   -5.470550;8.967530;51.721401;,
   28.375002;14.302701;35.896000;,
   22.292803;19.467600;39.357201;,
   13.626099;19.366400;43.657902;,
   6.365440;28.709299;39.532700;,
   -0.576109;19.417000;49.069500;,
   21.853300;23.368000;34.904099;,
   16.160500;25.397499;39.026100;,
   5.884600;31.329201;35.519699;,
   -5.265410;28.937901;38.789001;,
   -6.847130;20.529301;43.875900;,
   -3.381540;31.112602;32.776100;,
   -6.241810;29.129803;30.651199;,
   -10.031600;28.614302;36.107201;,
   -19.674500;16.961599;39.443001;,
   -19.234400;5.146680;43.068298;,
   -20.063601;25.674299;31.048700;,
   -25.433500;12.580600;35.254700;,
   -27.369303;5.662210;31.365700;,
   -24.146900;3.364420;29.130697;,
   -26.759001;-0.090107;32.147598;,
   -22.923201;-8.719980;32.070400;,
   -25.575800;14.802901;30.484701;,
   12.437600;-10.007800;-8.607470;,
   18.965300;-2.093670;-8.888340;,
   15.636501;-13.655501;-5.004050;,
   7.557050;-0.485329;-12.004700;,
   13.914899;10.694700;-12.586100;,
   21.964300;9.960890;-7.878870;,
   13.907299;17.158899;-12.611900;,
   18.589100;18.652800;-7.803560;,
   -0.795028;-18.002399;-5.458900;,
   3.179770;-10.359300;-9.202619;,
   -7.233200;-10.993500;-7.257130;,
   -9.393830;-1.815500;-7.985570;,
   3.185340;6.706480;-12.648300;,
   7.330340;-20.878099;-0.006624;,
   0.231545;-21.377098;0.427248;,
   -11.344401;-16.375299;0.471006;,
   -13.427101;-11.007800;-4.078970;,
   -18.098600;-7.752140;0.514999;,
   -21.283800;2.545060;0.925843;,
   -16.741400;1.594330;-4.563900;,
   -15.686699;9.845310;-5.527770;,
   -7.325610;14.296400;-9.726640;,
   5.403720;16.720100;-13.926899;,
   6.022200;23.504299;-11.751400;,
   12.993700;24.781500;-3.041210;,
   5.323080;27.469200;0.735101;,
   -18.356701;15.483200;1.221700;,
   -7.709720;22.278999;-6.620610;,
   -5.656510;26.795603;0.278319;,
   -12.190900;22.528700;1.010850;,
   -29.180202;-157.528000;2.957810;,
   -27.118702;-151.492996;3.337170;,
   -24.737400;-158.069000;2.957810;,
   -32.737598;-160.447006;2.957810;,
   -33.293598;-155.311005;3.237780;,
   -21.594999;-161.397995;2.957810;,
   -22.080700;-165.514008;2.957810;,
   -33.236900;-164.759995;2.957810;,
   -36.577900;-160.977997;3.172470;,
   -20.374302;-156.514008;3.324440;,
   -27.634300;-168.285004;2.957810;,
   -19.320400;-162.455994;2.957810;,
   -28.545698;-175.906006;11.735500;,
   -26.638901;-173.813995;8.240830;,
   -19.481899;-179.050995;10.669800;,
   -30.594603;-173.429001;9.996850;,
   -31.938702;-168.916000;7.000860;,
   -27.634300;-168.285004;2.957810;,
   -33.236900;-164.759995;2.957810;,
   -20.449900;-179.923004;14.146101;,
   -21.805599;-176.294006;17.019400;,
   -28.621698;-172.048996;13.984800;,
   -30.600998;-166.835007;10.633400;,
   -31.145102;-162.401001;7.936020;,
   -33.364101;-162.837006;5.492770;,
   -36.577900;-160.977997;3.172470;,
   -32.737598;-160.447006;2.957810;,
   -26.017799;-169.858994;13.885101;,
   -26.528999;-165.552994;11.757100;,
   -26.131001;-161.968994;8.038490;,
   -31.406202;-159.350006;5.926940;,
   -33.293598;-155.311005;3.237780;,
   -29.180202;-157.528000;2.957810;,
   -19.893600;-174.335999;15.868800;,
   -23.336901;-170.686996;10.613100;,
   -23.505100;-167.518005;8.750060;,
   -22.328199;-162.229004;5.409640;,
   -24.121403;-159.903000;5.918750;,
   -27.263102;-157.802002;5.916130;,
   -27.118702;-151.492996;3.337170;,
   -17.959299;-175.007004;12.607600;,
   -19.481899;-179.050995;10.669800;,
   -26.638901;-173.813995;8.240830;,
   -27.634300;-168.285004;2.957810;,
   -22.080700;-165.514008;2.957810;,
   -19.320400;-162.455994;2.957810;,
   -21.594999;-161.397995;2.957810;,
   -20.374302;-156.514008;3.324440;,
   -24.737400;-158.069000;2.957810;,
   33.236900;-164.759995;2.957810;,
   32.737598;-160.447006;2.957810;,
   36.577900;-160.977997;3.172470;,
   22.080700;-165.514008;2.957810;,
   21.594999;-161.397995;2.957810;,
   24.737400;-158.069000;2.957810;,
   29.180202;-157.528000;2.957810;,
   33.293598;-155.311005;3.237780;,
   27.634300;-168.285004;2.957810;,
   27.118702;-151.492996;3.337170;,
   20.374302;-156.514008;3.324440;,
   19.320400;-162.455994;2.957810;,
   31.406202;-159.350006;5.926940;,
   32.737598;-160.447006;2.957810;,
   33.293598;-155.311005;3.237780;,
   33.364101;-162.837006;5.492770;,
   36.577900;-160.977997;3.172470;,
   33.236900;-164.759995;2.957810;,
   31.938702;-168.916000;7.000860;,
   27.634300;-168.285004;2.957810;,
   29.180202;-157.528000;2.957810;,
   27.263102;-157.802002;5.916130;,
   26.131001;-161.968994;8.038490;,
   31.145102;-162.401001;7.936020;,
   27.118702;-151.492996;3.337170;,
   24.737400;-158.069000;2.957810;,
   24.121403;-159.903000;5.918750;,
   22.328199;-162.229004;5.409640;,
   23.505100;-167.518005;8.750060;,
   26.528999;-165.552994;11.757100;,
   30.600998;-166.835007;10.633400;,
   20.374302;-156.514008;3.324440;,
   21.594999;-161.397995;2.957810;,
   19.320400;-162.455994;2.957810;,
   22.080700;-165.514008;2.957810;,
   27.634300;-168.285004;2.957810;,
   26.638901;-173.813995;8.240830;,
   23.336901;-170.686996;10.613100;,
   26.017799;-169.858994;13.885101;,
   28.621698;-172.048996;13.984800;,
   30.594603;-173.429001;9.996850;,
   26.638901;-173.813995;8.240830;,
   19.481899;-179.050995;10.669800;,
   17.959299;-175.007004;12.607600;,
   19.893600;-174.335999;15.868800;,
   21.805599;-176.294006;17.019400;,
   28.545698;-175.906006;11.735500;,
   19.481899;-179.050995;10.669800;,
   20.449900;-179.923004;14.146101;,
   -0.000000;107.950005;123.699997;,
   -0.000000;115.403992;127.017998;,
   -6.575800;114.912003;127.350006;,
   -6.209000;107.264999;123.630005;,
   -14.725400;105.927002;123.858994;,
   -16.460899;113.334000;127.935997;,
   -23.007601;103.580002;124.930000;,
   -0.000000;94.677902;159.360992;,
   -7.281930;85.387703;163.516006;,
   -0.000000;82.853600;165.475998;,
   -0.000000;76.722801;167.104996;,
   32.260300;74.993301;158.033005;,
   32.315800;73.646500;163.350998;,
   34.454300;72.262497;156.671005;,
   28.605501;77.974503;161.837006;,
   27.495003;78.379898;166.143005;,
   24.712500;82.466499;163.472000;,
   22.366699;79.760201;166.945999;,
   24.168900;76.202499;168.544998;,
   34.026600;76.099197;157.154007;,
   32.583099;79.154999;156.753998;,
   29.716099;77.569099;157.531998;,
   26.199100;81.059402;159.401993;,
   36.276001;75.522697;154.710999;,
   34.915199;79.291702;154.354004;,
   32.241501;82.063499;153.229996;,
   30.213497;81.248802;155.723999;,
   27.990898;79.702202;156.356995;,
   35.726002;70.453598;154.169998;,
   36.316399;72.100197;153.067993;,
   36.962700;74.639099;152.697998;,
   36.102200;78.816200;151.606995;,
   32.701302;82.636902;151.242004;,
   29.553303;83.820198;152.654999;,
   38.725601;70.828400;152.869995;,
   39.568802;74.808197;151.690002;,
   38.278702;79.233704;150.535004;,
   34.758999;84.020302;150.123001;,
   28.403797;84.660004;150.619995;,
   43.942799;73.319801;146.899002;,
   40.896702;80.185402;144.942001;,
   36.978802;84.940697;144.628998;,
   32.422401;89.925797;144.828995;,
   28.458799;87.174301;149.238998;,
   44.075199;66.320900;149.451996;,
   52.376801;68.831100;142.440994;,
   50.021999;73.924400;142.802002;,
   42.991199;82.828400;138.798004;,
   39.160801;87.098396;138.518005;,
   35.792400;91.511200;138.436005;,
   30.018801;97.449997;140.231003;,
   26.987101;94.914101;146.600998;,
   21.518801;91.539597;152.167999;,
   24.135300;88.126999;151.832993;,
   25.239599;85.607002;151.856003;,
   28.043699;82.970802;154.315994;,
   22.734100;102.470001;141.136002;,
   21.252800;99.615601;145.899994;,
   19.069099;97.440002;149.962006;,
   15.246800;93.753700;154.809006;,
   19.319700;88.260002;158.593994;,
   15.789099;103.142998;144.783997;,
   14.540901;100.297997;148.078003;,
   12.492601;99.475304;151.712006;,
   8.609010;96.963203;156.843002;,
   14.137101;89.833199;160.606995;,
   20.148399;85.207901;162.959000;,
   23.050501;85.562302;158.425995;,
   9.721750;102.444000;145.845001;,
   7.138160;104.932999;150.770996;,
   6.523230;105.747002;152.804001;,
   -0.000000;105.790001;153.268005;,
   -0.000000;94.677902;159.360992;,
   7.281930;85.387703;163.516006;,
   16.927999;81.214500;166.897995;,
   -0.000000;82.853600;165.475998;,
   -0.000000;76.722801;167.104996;,
   13.769200;76.252899;166.662003;,
   18.160000;75.511101;168.925003;,
   -0.000000;68.148003;166.578995;,
   14.681099;70.228897;165.938004;,
   24.405899;84.182800;156.143005;,
   25.761299;82.803299;153.860992;,
   -9.780400;68.590401;65.404099;,
   -19.790400;81.386398;78.082497;,
   -20.742399;65.501999;66.087303;,
   -59.066002;-39.593201;23.549700;,
   -61.768002;-44.479198;36.317699;,
   -69.036797;-38.249199;35.768902;,
   -59.483200;-47.699200;37.196899;,
   -48.941200;-40.766399;21.410500;,
   -48.770401;-34.782799;15.995301;,
   -58.794399;-25.461599;13.601301;,
   -67.452003;-33.013199;24.333700;,
   -70.120399;-15.110000;14.012901;,
   -79.545197;-22.157600;25.176500;,
   18.155197;-72.218803;38.725700;,
   18.748800;-74.811600;48.301701;,
   13.624800;-72.339203;37.182899;,
   21.546000;-60.338402;30.622499;,
   18.155197;-72.218803;38.725700;,
   21.546000;-60.338402;30.622499;,
   21.120399;-69.570000;30.362099;,
   22.302000;-76.346001;38.090099;,
   18.748800;-74.811600;48.301701;,
   -41.767601;-75.559196;-37.968700;,
   -34.442799;-71.524399;-33.540600;,
   -30.170000;-80.442398;-37.209599;,
   -36.646400;-84.390404;-39.703499;,
   -44.875599;-86.336403;-35.515099;,
   -49.016800;-81.848000;-34.652302;,
   -55.263596;-75.100098;-37.179600;,
   -57.570805;-78.003601;-34.014999;,
   -62.608002;-72.300003;-36.116402;,
   -27.711599;-84.583603;-37.828701;,
   -34.266399;-89.155998;-39.239399;,
   -41.403599;-90.015602;-36.417900;,
   -47.082001;-90.807999;-31.096903;,
   -50.940399;-85.902397;-29.485201;,
   -26.964001;-78.429298;-33.740898;,
   -24.203199;-86.913200;-35.090099;,
   -26.759600;-91.816101;-35.413898;,
   -31.906000;-95.178902;-35.193001;,
   -38.374001;-93.784401;-35.785500;,
   -23.290400;-85.608398;-25.434299;,
   -25.732000;-91.544403;-25.169600;,
   -31.066000;-95.640800;-25.240299;,
   -42.067200;-95.363602;-26.297100;,
   -50.397202;-86.515602;-23.483400;,
   -27.857201;-88.136803;-17.428301;,
   -33.597198;-93.022797;-16.509197;,
   -44.648800;-92.230400;-18.447901;,
   -49.061600;-84.292397;-11.725400;,
   -39.443600;-82.940002;-8.731160;,
   -44.514400;-74.990799;-3.321870;,
   -25.762800;-83.085602;-19.507698;,
   -34.160000;-79.017197;-10.188100;,
   -39.354000;-71.597198;-4.217870;,
   -26.964001;-78.429298;-33.740898;,
   -30.170000;-80.442398;-37.209599;,
   -34.442799;-71.524399;-33.540600;,
   -32.426800;-67.159203;-28.989403;,
   -36.808800;-63.230804;-35.097099;,
   -34.313999;-59.176395;-30.892202;,
   -37.674000;-54.091599;-37.843899;,
   -35.851200;-51.840401;-33.489899;,
   -37.827999;-57.093204;-27.260000;,
   -38.623199;-48.751999;-30.424603;,
   -42.658001;-56.376396;-26.993502;,
   -37.660000;-46.722000;-38.238800;,
   -36.164799;-46.386002;-35.928699;,
   -37.475201;-44.084400;-32.923000;,
   -45.771599;-45.952000;-30.720503;,
   -48.148800;-57.577599;-28.069002;,
   -45.483200;-62.701599;-25.489403;,
   -35.809200;-41.903198;-37.124401;,
   -36.638000;-41.046398;-34.153500;,
   -39.681599;-38.859600;-33.912800;,
   -43.201199;-41.625999;-32.962502;,
   -37.427601;-42.099201;-38.776299;,
   -36.075199;-38.400398;-39.641499;,
   -34.216000;-38.025200;-37.897099;,
   -35.067200;-36.994801;-35.239899;,
   -38.455200;-36.163200;-34.822800;,
   -41.672401;-37.916000;-36.751900;,
   -44.273602;-38.672001;-36.147202;,
   -35.148399;-34.992802;-40.837200;,
   -33.222000;-34.158401;-39.112400;,
   -34.073200;-33.755199;-36.018299;,
   -38.306801;-33.408001;-35.419201;,
   -40.107201;-36.166000;-37.474400;,
   -36.083599;-33.071999;-41.058300;,
   -34.980400;-31.557199;-39.577099;,
   -35.240799;-31.386400;-37.096401;,
   -37.517200;-30.977600;-36.824799;,
   -40.082001;-32.957199;-38.059502;,
   -37.900799;-32.993599;-40.868000;,
   -38.172401;-30.784401;-38.936001;,
   -39.029202;-34.298401;-40.148300;,
   -39.289600;-37.353298;-39.126301;,
   -41.022800;-40.024399;-38.605499;,
   -45.340401;-40.951199;-38.289200;,
   -49.705601;-37.165600;-35.592800;,
   -50.290798;-39.467201;-31.820297;,
   -50.666000;-38.873600;-38.440300;,
   -54.409599;-34.220001;-37.099098;,
   -53.460400;-33.245602;-34.128300;,
   -55.378399;-32.965599;-30.808203;,
   -60.633999;-35.387600;-31.718998;,
   -55.076000;-45.053200;-31.378099;,
   -52.234001;-49.247700;-30.924702;,
   -57.234798;-30.098400;-36.253601;,
   -56.246399;-29.121201;-33.291100;,
   -58.029999;-28.846800;-30.168800;,
   -61.401196;-30.764799;-31.079699;,
   -58.788799;-24.627197;-35.013100;,
   -60.264404;-24.557199;-32.294300;,
   -63.086796;-25.153601;-32.704800;,
   -62.913204;-31.195999;-34.786301;,
   -59.712799;-25.374800;-37.188801;,
   -61.275200;-20.346001;-39.260700;,
   -60.048801;-18.800400;-36.919899;,
   -61.857601;-18.937597;-33.579498;,
   -65.270798;-20.416000;-33.890400;,
   -63.658005;-26.438803;-36.046299;,
   -62.745201;-18.288000;-39.851501;,
   -62.949600;-16.423201;-38.244400;,
   -63.277199;-16.571600;-35.783199;,
   -65.758003;-17.708401;-35.715900;,
   -65.606796;-21.541599;-38.286301;,
   -64.265602;-18.822800;-39.966400;,
   -65.951202;-17.683203;-38.185501;,
   -64.036003;-21.300800;-39.568699;,
   -61.852001;-25.892799;-37.779499;,
   -60.757198;-31.554399;-37.110298;,
   -63.596401;-34.667999;-35.024300;,
   -64.472801;-39.587601;-32.531300;,
   -63.546001;-52.478802;-30.829798;,
   -60.116001;-56.491199;-30.612198;,
   -65.674004;-36.597198;-35.349098;,
   -69.305603;-37.081600;-31.704399;,
   -69.630402;-44.627602;-30.718203;,
   -72.304398;-50.096001;-32.360600;,
   -67.589203;-57.860401;-30.572100;,
   -61.252800;-35.858002;-38.084801;,
   -66.150002;-39.133999;-37.894299;,
   -69.286003;-37.442799;-36.429901;,
   -68.739998;-36.177200;-34.789200;,
   -64.036003;-21.300800;-39.568699;,
   -64.265602;-18.822800;-39.966400;,
   -62.745201;-18.288000;-39.851501;,
   -61.275200;-20.346001;-39.260700;,
   -61.852001;-25.892799;-37.779499;,
   -59.712799;-25.374800;-37.188801;,
   -60.757198;-31.554399;-37.110298;,
   -57.234798;-30.098400;-36.253601;,
   -54.409599;-34.220001;-37.099098;,
   -61.252800;-35.858002;-38.084801;,
   -61.583199;-40.802799;-39.266300;,
   -66.150002;-39.133999;-37.894299;,
   -70.786797;-48.530800;-36.533501;,
   -71.212402;-44.372799;-36.429901;,
   -72.455597;-39.783600;-36.079899;,
   -69.286003;-37.442799;-36.429901;,
   -50.666000;-38.873600;-38.440300;,
   -55.580002;-49.264400;-39.098301;,
   -63.949196;-54.405300;-38.485199;,
   -72.954002;-55.788399;-37.331600;,
   -75.725998;-50.149200;-36.917099;,
   -77.139999;-53.122799;-37.194401;,
   -80.074402;-48.704399;-38.681099;,
   -47.443199;-46.556801;-38.930401;,
   -46.605999;-54.654400;-39.064800;,
   -60.586399;-60.503605;-37.958801;,
   -69.280403;-59.274399;-37.418400;,
   -45.340401;-40.951199;-38.289200;,
   -41.896400;-46.618401;-39.076000;,
   -37.674000;-54.091599;-37.843899;,
   -44.511600;-64.933197;-37.732800;,
   -51.727200;-68.214798;-38.160099;,
   -41.022800;-40.024399;-38.605499;,
   -37.427601;-42.099201;-38.776299;,
   -37.660000;-46.722000;-38.238800;,
   -39.289600;-37.353298;-39.126301;,
   -36.075199;-38.400398;-39.641499;,
   -35.148399;-34.992802;-40.837200;,
   -39.029202;-34.298401;-40.148300;,
   -36.083599;-33.071999;-41.058300;,
   -37.900799;-32.993599;-40.868000;,
   -36.808800;-63.230804;-35.097099;,
   -34.442799;-71.524399;-33.540600;,
   -41.767601;-75.559196;-37.968700;,
   -55.263596;-75.100098;-37.179600;,
   -61.815601;-67.394402;-37.334400;,
   -66.858398;-63.463200;-36.533501;,
   -62.608002;-72.300003;-36.116402;,
   -68.336800;-70.544403;-35.970699;,
   -68.020401;-66.464798;-36.023899;,
   -73.091202;-67.282402;-38.009201;,
   -73.057602;-70.222397;-37.871899;,
   -76.339203;-70.426804;-40.067101;,
   -76.300003;-66.980003;-40.447899;,
   -78.069603;-69.763199;-40.672001;,
   -77.924004;-67.495201;-40.904301;,
   -81.522003;-51.252399;-38.843498;,
   -84.050400;-46.422401;-41.618301;,
   -85.587601;-49.093601;-41.733200;,
   -86.265198;-45.848400;-41.853500;,
   -87.421600;-47.906399;-42.228699;,
   -72.948402;-33.718800;-37.675900;,
   -76.378403;-36.012001;-37.421101;,
   -79.836403;-32.282398;-39.241100;,
   -75.874397;-29.098801;-39.773102;,
   -80.298401;-29.521601;-39.955200;,
   -78.204002;-27.738001;-39.972000;,
   -71.982399;-33.029999;-35.567600;,
   -72.948402;-33.718800;-37.675900;,
   -74.818802;-27.914400;-37.090801;,
   -74.093597;-32.262798;-32.351200;,
   -72.475197;-39.430801;-30.764099;,
   -72.475197;-44.644402;-33.433899;,
   -75.874397;-29.098801;-39.773102;,
   -78.596001;-26.178400;-38.566399;,
   -78.425201;-25.797600;-35.651501;,
   -76.636002;-27.973200;-33.610298;,
   -76.767601;-34.301300;-31.446800;,
   -78.204002;-27.738001;-39.972000;,
   -80.298401;-29.521601;-39.955200;,
   -81.995201;-28.225201;-38.045502;,
   -81.480003;-27.667999;-35.419201;,
   -80.659599;-30.440001;-33.515202;,
   -77.464798;-36.653198;-33.753201;,
   -74.524803;-40.318401;-33.113804;,
   -81.886002;-31.991199;-36.810799;,
   -76.378403;-36.012001;-37.421101;,
   -72.455597;-39.783600;-36.079899;,
   -71.212402;-44.372799;-36.429901;,
   -73.049202;-47.304401;-34.349602;,
   -79.836403;-32.282398;-39.241100;,
   -70.786797;-48.530800;-36.533501;,
