xof 0303txt 0032
template VertexDuplicationIndices {
 <b8d65549-d7c9-4995-89cf-53a9a8b031e3>
 DWORD nIndices;
 DWORD nOriginalVertices;
 array DWORD indices[nIndices];
}

template EffectParamDWord {
 <e13963bc-ae51-4c5d-b00f-cfa3a9d97ce5>
 STRING ParamName;
 DWORD Value;
}

template FVFData {
 <b6e70a0e-8ef9-4e83-94ad-ecc8b0c04897>
 DWORD dwFVF;
 DWORD nDWords;
 array DWORD data[nDWords];
}

template EffectFloats {
 <f1cfe2b3-0de3-4e28-afa1-155a750a282d>
 DWORD nFloats;
 array FLOAT Floats[nFloats];
}

template EffectString {
 <d55b097e-bdb6-4c52-b03d-6051c89d0e42>
 STRING Value;
}

template EffectDWord {
 <622c0ed0-956e-4da9-908a-2af94f3ce716>
 DWORD Value;
}

template EffectInstance {
 <e331f7e4-0559-4cc2-8e99-1cec1657928f>
 STRING EffectFilename;
 [...]
}

template AnimTicksPerSecond {
 <9e415a43-7ba6-4a73-8743-b73d47e88476>
 DWORD AnimTicksPerSecond;
}

template VertexElement {
 <f752461c-1e23-48f6-b9f8-8350850f336f>
 DWORD Type;
 DWORD Method;
 DWORD Usage;
 DWORD UsageIndex;
}

template DeclData {
 <bf22e553-292c-4781-9fea-62bd554bdd93>
 DWORD nElements;
 array VertexElement Elements[nElements];
 DWORD nDWords;
 array DWORD data[nDWords];
}

template EffectParamFloats {
 <3014b9a0-62f5-478c-9b86-e4ac9f4e418b>
 STRING ParamName;
 DWORD nFloats;
 array FLOAT Floats[nFloats];
}

template EffectParamString {
 <1dbc4c88-94c1-46ee-9076-2c28818c9481>
 STRING ParamName;
 STRING Value;
}


AnimTicksPerSecond {
 4800;
}

Frame {
 

 FrameTransformMatrix {
  1.000000,0.000000,0.000000,0.000000,0.000000,1.000000,0.000000,0.000000,0.000000,0.000000,1.000000,0.000000,0.000000,0.000000,0.000000,1.000000;;
 }

 Frame Armature {
  

  FrameTransformMatrix {
   39.370079,0.000000,-0.000000,0.000000,-0.000000,0.000002,-39.370075,0.000000,0.000000,39.370075,0.000002,0.000000,0.000000,0.000000,0.000000,1.000000;;
  }

  Frame root {
   

   FrameTransformMatrix {
    -0.190008,-0.146596,-0.970776,0.000000,-0.782616,-0.574412,0.239921,0.000000,-0.592798,0.805332,-0.005586,0.000000,-0.021624,17.173487,58.351479,1.000000;;
   }

   Frame pelvis {
    

    FrameTransformMatrix {
     0.068148,-0.993995,0.085610,0.000000,0.145224,0.094778,0.984849,0.000000,-0.987049,-0.054683,0.150811,0.000000,8.111999,-0.065207,-1.611527,1.000000;;
    }

    Frame L_thigh {
     

     FrameTransformMatrix {
      0.151612,-0.216925,0.964343,0.000000,-0.841565,-0.540047,0.010827,0.000000,0.518442,-0.813199,-0.264434,0.000000,-8.883396,-0.612615,-1.051567,1.000000;;
     }

     Frame L_calf {
      

      FrameTransformMatrix {
       0.842836,0.010948,-0.538059,0.000000,0.044198,0.995008,0.089478,0.000000,0.536352,-0.099196,0.838145,0.000000,-20.974503,5.870369,-0.000011,1.000000;;
      }

      Frame L_foot {
       

       FrameTransformMatrix {
        0.437466,0.132849,0.889367,0.000000,0.376221,-0.925345,-0.046834,0.000000,0.816751,0.355087,-0.454788,0.000000,-35.646900,9.975113,-0.392137,1.000000;;
       }

       Frame L_toe {
        

        FrameTransformMatrix {
         0.000000,1.000000,0.000000,0.000000,-0.764455,0.000000,0.644677,0.000000,0.644677,-0.000000,0.764455,0.000000,-9.565664,0.067774,2.427489,1.000000;;
        }
       }
      }
     }
    }

    Frame R_thigh {
     

     FrameTransformMatrix {
      0.274955,0.873261,-0.402262,0.000000,-0.960105,0.227201,-0.163027,0.000000,-0.050971,0.431038,0.900893,0.000000,8.883399,-0.612579,-1.051529,1.000000;;
     }

     Frame R_calf {
      

      FrameTransformMatrix {
       0.089955,0.040171,-0.995135,0.000000,0.342186,0.937113,0.068761,0.000000,0.935316,-0.346707,0.070552,0.000000,20.974606,-5.870400,-0.000053,1.000000;;
      }

      Frame R_foot {
       

       FrameTransformMatrix {
        0.012601,-0.247260,0.968867,0.000000,0.222785,-0.943894,-0.243784,0.000000,0.974786,0.218921,0.043192,0.000000,35.646900,-9.975108,0.392144,1.000000;;
       }

       Frame R_toe {
        

        FrameTransformMatrix {
         0.000000,0.999999,0.000001,0.000000,-0.863989,-0.000000,0.503511,0.000000,0.503511,-0.000001,0.863989,0.000000,9.565689,-0.067795,-2.427518,1.000000;;
        }
       }
      }
     }
    }
   }

   Frame spine {
    

    FrameTransformMatrix {
     0.994776,-0.100251,0.019269,0.000000,0.100822,0.994410,-0.031359,0.000000,-0.016018,0.033138,0.999322,0.000000,-11.101410,0.000000,0.000002,1.000000;;
    }

    Frame R_shoulder {
     

     FrameTransformMatrix {
      0.284012,-0.827252,0.484758,0.000000,-0.323600,-0.558614,-0.763697,0.000000,0.902563,0.060032,-0.426352,0.000000,-20.224800,-6.743818,-4.680830,1.000000;;
     }

     Frame R_arm {
      

      FrameTransformMatrix {
       0.993219,-0.080521,0.083856,0.000000,0.112273,0.851534,-0.512138,0.000000,-0.030169,0.518080,0.854800,0.000000,15.133992,-0.000004,-0.000023,1.000000;;
      }

      Frame R_forarm {
       

       FrameTransformMatrix {
        0.104961,-0.455990,-0.883774,0.000000,0.156743,0.885160,-0.438090,0.000000,0.982046,-0.092543,0.164381,0.000000,20.302389,0.000019,0.000000,1.000000;;
       }

       Frame R_hand {
        

        FrameTransformMatrix {
         0.228517,0.471330,0.851838,0.000000,-0.027468,-0.871520,0.489589,0.000000,0.973153,-0.135277,-0.186211,0.000000,23.146496,-0.000061,0.000019,1.000000;;
        }

        Frame weapon {
         

         FrameTransformMatrix {
          0.954755,0.293935,0.045220,0.000000,0.046325,-0.297190,0.953694,0.000000,0.293763,-0.908449,-0.297360,0.000000,6.005645,5.012077,4.601874,1.000000;;
         }
        }

        Frame R_thumb {
         

         FrameTransformMatrix {
          0.698215,-0.153599,0.699216,0.000000,0.715888,0.149653,-0.681989,0.000000,0.000113,0.976734,0.214450,0.000000,5.057364,-5.505894,2.614429,1.000000;;
         }
        }

        Frame R_finger {
         

         FrameTransformMatrix {
          0.493936,-0.217835,0.841769,0.000000,-0.168727,0.925694,0.338559,0.000000,-0.852971,-0.309255,0.420479,0.000000,9.703958,-0.000118,-0.000008,1.000000;;
         }

         Frame R_finger_b {
          

          FrameTransformMatrix {
           0.668721,0.021841,0.743192,0.000000,-0.045529,0.998896,0.011612,0.000000,-0.742118,-0.041602,0.668977,0.000000,5.072323,0.000005,-0.000053,1.000000;;
          }
         }
        }
       }
      }
     }
    }

    Frame L_shoulder {
     

     FrameTransformMatrix {
      0.241099,-0.910818,0.335084,0.000000,0.126630,0.371842,0.919619,0.000000,-0.962204,-0.179287,0.204988,0.000000,-20.224886,6.743820,-4.680814,1.000000;;
     }

     Frame L_arm {
      

      FrameTransformMatrix {
       0.507941,-0.361743,0.781753,0.000000,0.798951,-0.141387,-0.584540,0.000000,0.321983,0.921494,0.217198,0.000000,-15.133997,-0.000002,0.000008,1.000000;;
      }

      Frame L_forarm {
       

       FrameTransformMatrix {
        0.588542,-0.318007,-0.743296,0.000000,0.235383,0.946962,-0.218765,0.000000,0.773442,-0.046207,0.632180,0.000000,-20.302498,0.000000,-0.000009,1.000000;;
       }

       Frame L_hand {
        

        FrameTransformMatrix {
         0.981292,-0.191779,0.016954,0.000000,0.127075,0.711328,0.691277,0.000000,-0.144632,-0.676190,0.722391,0.000000,-23.146500,0.000000,0.000023,1.000000;;
        }

        Frame L_thumb {
         

         FrameTransformMatrix {
          0.743196,-0.373167,0.555342,0.000000,0.528551,0.836367,-0.145338,0.000000,-0.410234,0.401542,0.818823,0.000000,-5.057482,5.505833,-2.614525,1.000000;;
         }
        }

        Frame L_finger {
         

         FrameTransformMatrix {
          0.393751,-0.288940,0.872624,0.000000,-0.151362,0.915974,0.371592,0.000000,-0.906669,-0.278397,0.316931,0.000000,-9.703954,0.000004,-0.000008,1.000000;;
         }

         Frame L_finger_b {
          

          FrameTransformMatrix {
           0.878919,0.034533,0.475720,0.000000,-0.045530,0.998895,0.011610,0.000000,-0.474794,-0.031864,0.879520,0.000000,-5.072374,-0.000004,0.000023,1.000000;;
          }
         }
        }
       }
      }
     }
    }

    Frame R_cloth_b {
     

     FrameTransformMatrix {
      0.948175,-0.310120,0.069201,0.000000,-0.108403,-0.520436,-0.846991,0.000000,0.298684,0.795595,-0.527083,0.000000,-6.277031,-16.894897,-21.677595,1.000000;;
     }

     Frame R_cloth_c {
      

      FrameTransformMatrix {
       0.031316,0.056384,-0.997917,0.000000,-0.040265,0.997668,0.055106,0.000000,0.998698,0.038456,0.033513,0.000000,35.098999,-0.000019,-0.000011,1.000000;;
      }
     }
    }

    Frame R_cloth {
     

     FrameTransformMatrix {
      0.902729,0.143268,-0.405653,0.000000,-0.385976,0.686166,-0.616602,0.000000,0.190006,0.713198,0.674720,0.000000,-14.056587,-26.003696,-16.610392,1.000000;;
     }
    }

    Frame L_cloth {
     

     FrameTransformMatrix {
      -0.967838,0.029129,0.249879,0.000000,0.121800,0.923354,0.364118,0.000000,-0.220121,0.382843,-0.897205,0.000000,-12.510788,26.077406,-25.578686,1.000000;;
     }
    }

    Frame L_cloth_b {
     

     FrameTransformMatrix {
      -0.984222,-0.138930,0.109566,0.000000,0.119993,-0.069014,0.990373,0.000000,-0.130031,0.987894,0.084595,0.000000,-6.277039,16.894897,-21.677586,1.000000;;
     }

     Frame L_cloth_c {
      

      FrameTransformMatrix {
       -0.055801,-0.032644,-0.997909,0.000000,0.187552,0.981331,-0.042589,0.000000,0.980668,-0.189536,-0.048637,0.000000,-35.098892,-0.000008,0.000006,1.000000;;
      }
     }
    }

    Frame b_cloth {
     

     FrameTransformMatrix {
      -0.902951,-0.086690,0.420908,0.000000,-0.106952,0.993957,-0.024723,0.000000,-0.416221,-0.067341,-0.906766,0.000000,-7.708909,-0.065207,-28.504486,1.000000;;
     }
    }

    Frame b_cloth_b {
     

     FrameTransformMatrix {
      -0.975469,0.164098,0.146738,0.000000,-0.146289,-0.981321,0.124930,0.000000,0.164498,0.100399,0.981255,0.000000,-3.172792,-0.065206,-27.688789,1.000000;;
     }

     Frame b_cloth_c {
      

      FrameTransformMatrix {
       -0.109341,0.993484,-0.032157,0.000000,-0.043694,0.027516,0.998666,0.000000,0.993043,0.110601,0.040401,0.000000,-21.928501,0.000004,0.000008,1.000000;;
      }
     }
    }

    Frame head {
     

     FrameTransformMatrix {
      0.938441,-0.070967,-0.338071,0.000000,0.277598,-0.427529,0.860324,0.000000,-0.205590,-0.901211,-0.381511,0.000000,-20.610695,-0.000000,0.000002,1.000000;;
     }
    }
   }
  }
 }

 Frame Model {
  

  FrameTransformMatrix {
   39.370079,0.000000,-0.000003,0.000000,-0.000003,-0.000006,-39.370079,0.000000,-0.000000,39.370079,-0.000006,0.000000,0.000000,0.000013,-0.000004,1.000000;;
  }

  Mesh Model {
   3278;
   90.737297;46.960300;91.295502;,
   91.308899;46.932899;90.801399;,
   80.692299;41.552200;81.176697;,
   80.149696;41.563499;81.703102;,
   78.507103;42.461498;79.267097;,
   78.012398;42.425499;79.929497;,
   76.993896;44.395100;79.025703;,
   77.430901;44.428902;78.410500;,
   75.972397;47.233799;78.265900;,
   76.450798;47.254601;77.680801;,
   76.046303;46.366604;78.295502;,
   76.524696;46.387402;77.710403;,
   77.164597;43.744701;78.198799;,
   76.727600;43.710800;78.813904;,
   78.169899;41.843498;78.991501;,
   77.675201;41.807400;79.653900;,
   80.215797;40.814999;81.787300;,
   80.758400;40.803699;81.260902;,
   91.045799;46.389702;91.684097;,
   90.737297;46.960300;91.295502;,
   80.215797;40.814999;81.787300;,
   80.149696;41.563499;81.703102;,
   77.675201;41.807400;79.653900;,
   78.012398;42.425499;79.929497;,
   76.727600;43.710800;78.813904;,
   76.993896;44.395100;79.025703;,
   76.046303;46.366604;78.295502;,
   75.972397;47.233799;78.265900;,
   91.308899;46.932899;90.801399;,
   91.617401;46.362400;91.190002;,
   80.758400;40.803699;81.260902;,
   80.692299;41.552200;81.176697;,
   78.169899;41.843498;78.991501;,
   78.507103;42.461498;79.267097;,
   77.164597;43.744701;78.198799;,
   77.430901;44.428902;78.410500;,
   76.524696;46.387402;77.710403;,
   76.450798;47.254601;77.680801;,
   91.171898;46.620499;92.174698;,
   90.702599;46.881302;91.642403;,
   78.991402;38.122601;96.456299;,
   78.557404;38.381599;95.893997;,
   75.520103;38.471901;98.102997;,
   75.821800;38.226398;98.751297;,
   74.208801;39.932499;99.509102;,
   74.520599;39.680801;100.149002;,
   72.942398;42.212399;101.205002;,
   73.300903;41.959999;101.820999;,
   73.057503;41.439400;100.820999;,
   73.416100;41.186901;101.436996;,
   74.248802;38.983898;99.993103;,
   73.936996;39.235699;99.352898;,
   75.465500;37.564899;98.666603;,
   75.163803;37.810398;98.018204;,
   79.104103;37.480400;96.073502;,
   78.670097;37.739498;95.511200;,
   90.702599;46.881302;91.642403;,
   91.102798;46.519798;91.112503;,
   78.670097;37.739498;95.511200;,
   78.557404;38.381599;95.893997;,
   75.163803;37.810398;98.018204;,
   75.520103;38.471901;98.102997;,
   73.936996;39.235699;99.352898;,
   74.208801;39.932499;99.509102;,
   73.057503;41.439400;100.820999;,
   72.942398;42.212399;101.205002;,
   91.572098;46.258900;91.644798;,
   91.171898;46.620499;92.174698;,
   79.104103;37.480400;96.073502;,
   78.991402;38.122601;96.456299;,
   75.465500;37.564899;98.666603;,
   75.821800;38.226398;98.751297;,
   74.248802;38.983898;99.993103;,
   74.520599;39.680801;100.149002;,
   73.416100;41.186901;101.436996;,
   73.300903;41.959999;101.820999;,
   92.376503;46.637402;90.840698;,
   92.845802;46.376499;91.373001;,
   99.791100;36.277000;81.832603;,
   100.224998;36.018002;82.394897;,
   101.761002;35.978500;80.302597;,
   102.167000;35.714802;80.912498;,
   103.883003;36.892700;80.245697;,
   103.569000;37.134602;79.602997;,
   106.266998;38.788799;79.611198;,
   105.907997;39.041302;78.995300;,
   105.755997;38.083401;79.619301;,
   105.398003;38.335899;79.003403;,
   103.459999;36.406799;79.397003;,
   103.774002;36.164902;80.039803;,
   101.750999;35.270000;80.039001;,
   102.156998;35.006199;80.648903;,
   99.778397;35.411499;82.460197;,
   99.344398;35.670502;81.897903;,
   92.845802;46.376499;91.373001;,
   92.262398;46.052898;91.728798;,
   99.778397;35.411499;82.460197;,
   100.224998;36.018002;82.394897;,
   102.156998;35.006199;80.648903;,
   102.167000;35.714802;80.912498;,
   103.774002;36.164902;80.039803;,
   103.883003;36.892700;80.245697;,
   105.755997;38.083401;79.619301;,
   106.266998;38.788799;79.611198;,
   91.793098;46.313801;91.196503;,
   92.376503;46.637402;90.840698;,
   99.344398;35.670502;81.897903;,
   99.791100;36.277000;81.832603;,
   101.750999;35.270000;80.039001;,
   101.761002;35.978500;80.302597;,
   103.459999;36.406799;79.397003;,
   103.569000;37.134602;79.602997;,
   105.398003;38.335899;79.003403;,
   105.907997;39.041302;78.995300;,
   92.807098;46.288300;91.760902;,
   92.235397;46.315601;92.254997;,
   98.328400;32.763699;97.191101;,
   98.871002;32.752399;96.664703;,
   101.403999;31.296099;99.096001;,
   100.975998;31.252598;99.717499;,
   103.180000;31.902203;100.615997;,
   102.739998;31.858400;101.227997;,
   105.319000;33.239498;102.436996;,
   104.839996;33.218700;103.022003;,
   104.848999;32.628201;102.031998;,
   104.371002;32.607399;102.616997;,
   102.625999;31.118000;101.078003;,
   103.065002;31.161802;100.464996;,
   100.946999;30.500603;99.644798;,
   101.375000;30.544100;99.023300;,
   97.928299;32.263401;96.789497;,
   98.470901;32.252102;96.263100;,
   92.315399;46.173698;91.198196;,
   92.807098;46.288300;91.760902;,
   98.470901;32.252102;96.263100;,
   98.871002;32.752399;96.664703;,
   101.375000;30.544100;99.023300;,
   101.403999;31.296099;99.096001;,
   103.065002;31.161802;100.464996;,
   103.180000;31.902203;100.615997;,
   104.848999;32.628201;102.031998;,
   105.319000;33.239498;102.436996;,
   92.235397;46.315601;92.254997;,
   91.743698;46.201000;91.692200;,
   97.928299;32.263401;96.789497;,
   98.328400;32.763699;97.191101;,
   100.946999;30.500603;99.644798;,
   100.975998;31.252598;99.717499;,
   102.625999;31.118000;101.078003;,
   102.739998;31.858400;101.227997;,
   104.371002;32.607399;102.616997;,
   104.839996;33.218700;103.022003;,
   90.621101;46.430500;90.495697;,
   91.386002;47.404800;90.793701;,
   90.458099;46.058701;92.129898;,
   91.223000;47.033001;92.427902;,
   91.211800;48.639099;91.057198;,
   91.048798;48.267200;92.691399;,
   90.200500;49.410301;91.131798;,
   90.037399;49.038502;92.765999;,
   88.944397;49.266701;90.973801;,
   88.781403;48.894901;92.608002;,
   88.179497;48.292400;90.675797;,
   88.016403;47.920601;92.309998;,
   88.353699;47.058201;90.412300;,
   88.190697;46.686298;92.046501;,
   89.364998;46.286900;90.337799;,
   89.202003;45.915100;91.971901;,
   90.621101;46.430500;90.495697;,
   90.458099;46.058701;92.129898;,
   91.048798;48.267200;92.691399;,
   90.037399;49.038502;92.765999;,
   88.781403;48.894901;92.608002;,
   88.016403;47.920601;92.309998;,
   88.190697;46.686298;92.046501;,
   89.202003;45.915100;91.971901;,
   90.458099;46.058701;92.129898;,
   91.223000;47.033001;92.427902;,
   91.211800;48.639099;91.057198;,
   88.944397;49.266701;90.973801;,
   90.200500;49.410301;91.131798;,
   88.179497;48.292400;90.675797;,
   88.353699;47.058201;90.412300;,
   89.364998;46.286900;90.337799;,
   90.621101;46.430500;90.495697;,
   91.386002;47.404800;90.793701;,
   92.643097;45.870800;90.570099;,
   93.654404;45.099499;90.495499;,
   92.480003;45.498901;92.204300;,
   93.491402;44.727699;92.129700;,
   94.910500;45.243099;90.653503;,
   94.747398;44.871300;92.287598;,
   95.675400;46.217400;90.951500;,
   95.512398;45.845600;92.585602;,
   95.501198;47.451698;91.214996;,
   95.338203;47.079800;92.849098;,
   94.489799;48.222900;91.289597;,
   94.326797;47.851101;92.923698;,
   93.233803;48.079300;91.131599;,
   93.070801;47.707500;92.765701;,
   92.468803;47.105000;90.833603;,
   92.305801;46.733200;92.467697;,
   92.643097;45.870800;90.570099;,
   92.480003;45.498901;92.204300;,
   95.338203;47.079800;92.849098;,
   94.326797;47.851101;92.923698;,
   93.070801;47.707500;92.765701;,
   92.305801;46.733200;92.467697;,
   92.480003;45.498901;92.204300;,
   93.491402;44.727699;92.129700;,
   94.747398;44.871300;92.287598;,
   95.512398;45.845600;92.585602;,
   95.501198;47.451698;91.214996;,
   93.233803;48.079300;91.131599;,
   94.489799;48.222900;91.289597;,
   92.468803;47.105000;90.833603;,
   92.643097;45.870800;90.570099;,
   93.654404;45.099499;90.495499;,
   94.910500;45.243099;90.653503;,
   95.675400;46.217400;90.951500;,
   96.105301;19.257500;90.888199;,
   95.102898;16.499302;90.160599;,
   96.072800;18.711397;80.439003;,
   97.075203;21.469601;81.166603;,
   91.957901;23.862499;81.200500;,
   90.988098;21.650400;90.922203;,
   90.203003;18.715200;90.176003;,
   95.102898;16.499302;90.160599;,
   91.172897;20.927299;80.454300;,
   84.823402;24.869900;80.718002;,
   85.514503;27.453600;81.374901;,
   84.544601;25.241501;91.096497;,
   83.853600;22.657801;90.439598;,
   96.072800;18.711397;80.439003;,
   90.203003;18.715200;90.176003;,
   83.853600;22.657801;90.439598;,
   79.166496;26.648100;80.558296;,
   79.832001;29.136000;81.190804;,
   78.862099;26.923901;90.912399;,
   95.102898;16.499302;90.160599;,
   78.196701;24.436003;90.279900;,
   73.073502;26.001400;79.803299;,
   73.037804;28.830301;80.443398;,
   72.067902;26.618200;90.165001;,
   78.196701;24.436003;90.279900;,
   72.103600;23.789301;89.524902;,
   72.103600;23.789301;89.524902;,
   72.103600;23.789301;89.524902;,
   73.073502;26.001400;79.803299;,
   86.082397;16.716299;85.650101;,
   86.364502;17.359699;82.822800;,
   87.654701;16.025101;82.647797;,
   87.372597;15.381800;85.475197;,
   89.095398;15.246800;85.616402;,
   89.377502;15.890200;82.789001;,
   90.914101;17.803600;86.379601;,
   91.196098;18.446899;83.552200;,
   88.969200;20.670603;86.837898;,
   89.251297;21.313997;84.010498;,
   85.608299;21.906300;86.783798;,
   85.890404;22.549700;83.956398;,
   83.010498;20.488800;86.202103;,
   83.292503;21.132200;83.374702;,
   81.947197;23.897600;86.871597;,
   82.229202;24.540899;84.044296;,
   78.510399;25.177603;86.820000;,
   78.792397;25.820997;83.992699;,
   74.794601;24.031900;86.188599;,
   75.076599;24.675301;83.361298;,
   74.158600;21.116899;85.461899;,
   74.440697;21.760201;82.634499;,
   76.270401;19.167803;85.229103;,
   76.552498;19.811102;82.401703;,
   78.305298;19.342699;85.471901;,
   78.587402;19.986099;82.644501;,
   79.286903;21.351299;83.024902;,
   79.004799;20.707899;85.852303;,
   85.410103;12.174600;80.395500;,
   84.911499;11.037300;85.393402;,
   80.440102;10.948700;86.831200;,
   81.296600;12.902100;78.246498;,
   77.503304;14.508200;80.137604;,
   77.004700;13.371000;85.135498;,
   77.503304;14.508200;80.137604;,
   77.004700;13.371000;85.135498;,
   78.827301;14.973000;81.156502;,
   78.475502;14.170499;84.683197;,
   80.415100;17.673300;82.300598;,
   80.133102;17.030001;85.127998;,
   80.877403;21.800699;83.285896;,
   80.595299;21.157400;86.113297;,
   80.503799;23.225201;83.572701;,
   80.221802;22.581900;86.400101;,
   78.796303;24.016001;83.582298;,
   78.514198;23.372601;86.409698;,
   76.587502;23.470301;83.237801;,
   76.305397;22.827000;86.065201;,
   76.280998;22.061501;82.886703;,
   75.999001;21.418200;85.714104;,
   77.073196;21.001101;82.724403;,
   76.791100;20.357700;85.551804;,
   79.286903;21.351299;83.024902;,
   79.004799;20.707899;85.852303;,
   77.503304;14.508200;80.137604;,
   78.827301;14.973000;81.156502;,
   81.296600;12.902100;78.246498;,
   83.276604;13.741400;81.320099;,
   85.410103;12.174600;80.395500;,
   83.068802;16.938803;82.398201;,
   80.415100;17.673300;82.300598;,
   83.292503;21.132200;83.374702;,
   85.012299;20.325701;83.362701;,
   85.890404;22.549700;83.956398;,
   86.068901;20.728100;83.559700;,
   89.251297;21.313997;84.010498;,
   88.410004;20.113600;83.653503;,
   80.877403;21.800699;83.285896;,
   82.229202;24.540899;84.044296;,
   80.503799;23.225201;83.572701;,
   78.792397;25.820997;83.992699;,
   78.796303;24.016001;83.582298;,
   76.587502;23.470301;83.237801;,
   75.076599;24.675301;83.361298;,
   74.440697;21.760201;82.634499;,
   76.280998;22.061501;82.886703;,
   76.552498;19.811102;82.401703;,
   77.073196;21.001101;82.724403;,
   78.587402;19.986099;82.644501;,
   79.286903;21.351299;83.024902;,
   89.418900;18.416700;83.367996;,
   91.196098;18.446899;83.552200;,
   89.377502;15.890200;82.789001;,
   88.709801;17.015699;82.978500;,
   87.654701;16.025101;82.647797;,
   86.364502;17.359699;82.822800;,
   79.004799;20.707899;85.852303;,
   76.791100;20.357700;85.551804;,
   78.305298;19.342699;85.471901;,
   76.270401;19.167803;85.229103;,
   75.999001;21.418200;85.714104;,
   74.158600;21.116899;85.461899;,
   76.305397;22.827000;86.065201;,
   74.794601;24.031900;86.188599;,
   78.510399;25.177603;86.820000;,
   78.514198;23.372601;86.409698;,
   80.221802;22.581900;86.400101;,
   81.947197;23.897600;86.871597;,
   80.595299;21.157400;86.113297;,
   83.010498;20.488800;86.202103;,
   80.133102;17.030001;85.127998;,
   82.786697;16.295401;85.225601;,
   84.730202;19.682301;86.190102;,
   85.608299;21.906300;86.783798;,
   85.786797;20.084700;86.387100;,
   88.969200;20.670603;86.837898;,
   78.475502;14.170499;84.683197;,
   82.924797;12.938900;84.846802;,
   80.440102;10.948700;86.831200;,
   84.911499;11.037300;85.393402;,
   77.004700;13.371000;85.135498;,
   88.127998;19.470301;86.480904;,
   89.136803;17.773399;86.195396;,
   90.914101;17.803600;86.379601;,
   89.095398;15.246800;85.616402;,
   88.427696;16.372299;85.805901;,
   87.372597;15.381800;85.475197;,
   86.082397;16.716299;85.650101;,
   84.911499;11.037300;85.393402;,
   85.410103;12.174600;80.395500;,
   82.924797;12.938900;84.846802;,
   83.276604;13.741400;81.320099;,
   82.786697;16.295401;85.225601;,
   83.068802;16.938803;82.398201;,
   84.730202;19.682301;86.190102;,
   85.012299;20.325701;83.362701;,
   85.786797;20.084700;86.387100;,
   86.068901;20.728100;83.559700;,
   88.127998;19.470301;86.480904;,
   88.410004;20.113600;83.653503;,
   89.136803;17.773399;86.195396;,
   89.418900;18.416700;83.367996;,
   88.427696;16.372299;85.805901;,
   88.709801;17.015699;82.978500;,
   86.082397;16.716299;85.650101;,
   86.364502;17.359699;82.822800;,
   52.585400;-72.933098;70.404099;,
   53.438999;-78.573196;65.747200;,
   63.242004;-75.695801;70.838600;,
   60.504196;-80.491501;66.015602;,
   69.921303;-75.479599;61.558296;,
   64.934196;-79.997002;60.032902;,
   61.732697;-77.689499;53.701298;,
   65.120499;-71.411301;52.009201;,
   54.667500;-75.771103;53.432999;,
   54.463905;-68.648598;51.574699;,
   50.693298;-75.567902;59.619999;,
   48.811401;-67.613503;61.242203;,
   52.585400;-72.933098;70.404099;,
   53.438999;-78.573196;65.747200;,
   80.151604;12.523200;84.045898;,
   79.508698;13.047900;82.658600;,
   72.384399;-3.679470;78.203598;,
   71.741501;-3.154810;76.816200;,
   70.630798;-12.162100;76.036598;,
   71.273804;-12.686800;77.423897;,
   70.911400;-27.145500;75.153801;,
   71.554398;-27.670099;76.541100;,
   65.041496;-45.237598;68.967598;,
   72.655502;-3.061160;75.486198;,
   71.544800;-12.068499;74.706497;,
   71.825500;-27.051798;73.823799;,
   65.576897;-43.606701;66.099403;,
   64.589203;-44.868500;67.991699;,
   61.843002;-54.710297;66.602501;,
   80.422699;13.141501;81.328598;,
   74.212502;-3.492160;75.543503;,
   73.101799;-12.499500;74.763802;,
   73.382500;-27.482800;73.880997;,
   66.672203;-43.909901;66.139702;,
   81.979698;12.710500;81.385803;,
   74.855499;-4.016830;76.930801;,
   73.744797;-13.024100;76.151100;,
   74.025398;-28.007502;75.268303;,
   66.779701;-45.474899;68.072304;,
   63.267605;-54.564301;64.529503;,
   82.622704;12.185900;82.773201;,
   81.708603;12.092200;84.103203;,
   73.941399;-4.110480;78.260803;,
   72.830704;-13.117800;77.481102;,
   73.111397;-28.101101;76.598396;,
   66.136703;-45.540798;69.007896;,
   63.768700;-54.973202;65.610603;,
   80.151604;12.523200;84.045898;,
   72.384399;-3.679470;78.203598;,
   71.273804;-12.686800;77.423897;,
   71.554398;-27.670099;76.541100;,
   65.041496;-45.237598;68.967598;,
   63.056301;-55.046204;66.647102;,
   61.374901;-63.655701;64.708801;,
   62.206596;-63.570400;63.498501;,
   61.621601;-63.092999;62.236103;,
   61.843002;-54.710297;66.602501;,
   59.958099;-63.263500;64.656700;,
   61.133202;-66.598099;65.040199;,
   62.614399;-66.446404;62.884800;,
   61.572498;-65.596100;60.636700;,
   60.204800;-62.700802;62.183998;,
   62.054203;-54.228401;64.484802;,
   58.610100;-65.899696;64.947403;,
   60.007999;-68.944298;63.498898;,
   60.922005;-68.850700;62.168903;,
   60.279099;-68.325996;60.781601;,
   59.049400;-64.897697;60.543900;,
   59.372997;-62.785995;63.394299;,
   58.451000;-68.513298;63.441704;,
   60.620903;-69.444397;64.821404;,
   62.406300;-69.261497;62.223499;,
   61.150398;-68.236702;59.513695;,
   58.109196;-67.394798;59.401798;,
   58.722099;-67.894997;60.724300;,
   57.579700;-68.602600;64.709602;,
   61.341900;-54.301403;65.521301;,
   59.958099;-63.263500;64.656700;,
   58.610100;-65.899696;64.947403;,
   57.568199;-65.049400;62.699200;,
   58.451000;-68.513298;63.441704;,
   57.808102;-67.988602;62.054401;,
   57.579700;-68.602600;64.709602;,
   56.323803;-67.577797;61.999802;,
   57.273701;-69.746696;64.418701;,
   56.017799;-68.721802;61.708900;,
   57.803200;-68.538902;59.111004;,
   60.844398;-69.380798;59.222801;,
   62.100300;-70.405602;61.932594;,
   60.314899;-70.588501;64.530502;,
   90.650101;46.366100;90.372902;,
   79.953003;41.027100;81.033096;,
   78.442802;37.582500;96.171303;,
   90.466202;45.946602;92.216301;,
   100.059998;35.477600;81.776299;,
   92.497597;45.384300;92.291000;,
   98.549599;32.033100;96.914497;,
   92.681503;45.803699;90.447601;,
   91.567596;48.107300;90.860603;,
   90.650101;46.366100;90.372902;,
   90.466202;45.946602;92.216301;,
   91.383698;47.687801;92.704102;,
   91.138603;48.819599;90.979897;,
   90.954697;48.400200;92.823303;,
   91.107803;49.578201;91.149399;,
   90.923798;49.158699;92.992897;,
   91.502502;50.181000;91.325996;,
   91.318604;49.761501;93.169403;,
   92.189400;50.436401;91.452599;,
   92.005402;50.016899;93.296097;,
   92.624496;49.944000;93.341202;,
   92.808403;50.363499;91.497803;,
   93.195099;49.687599;93.339798;,
   93.378998;50.106998;91.496300;,
   93.842400;49.533298;91.412003;,
   93.658401;49.113804;93.255501;,
   93.883400;48.809799;91.251503;,
   93.699501;48.390301;93.095001;,
   93.480003;48.171501;91.066002;,
   93.296097;47.751999;92.909500;,
   92.753799;47.778900;90.904198;,
   92.569901;47.359402;92.747704;,
   92.681503;45.803699;90.447601;,
   92.497597;45.384300;92.291000;,
   92.189400;50.436401;91.452599;,
   92.808403;50.363499;91.497803;,
   91.502502;50.181000;91.325996;,
   91.107803;49.578201;91.149399;,
   91.138603;48.819599;90.979897;,
   91.567596;48.107300;90.860603;,
   93.480003;48.171501;91.066002;,
   92.753799;47.778900;90.904198;,
   90.650101;46.366100;90.372902;,
   92.681503;45.803699;90.447601;,
   79.953003;41.027100;81.033096;,
   100.059998;35.477600;81.776299;,
   93.883400;48.809799;91.251503;,
   93.842400;49.533298;91.412003;,
   93.378998;50.106998;91.496300;,
   78.442802;37.582500;96.171303;,
   98.549599;32.033100;96.914497;,
   92.497597;45.384300;92.291000;,
   90.466202;45.946602;92.216301;,
   92.569901;47.359402;92.747704;,
   91.383698;47.687801;92.704102;,
   93.296097;47.751999;92.909500;,
   92.624496;49.944000;93.341202;,
   90.954697;48.400200;92.823303;,
   90.923798;49.158699;92.992897;,
   91.318604;49.761501;93.169403;,
   92.005402;50.016899;93.296097;,
   93.699501;48.390301;93.095001;,
   93.658401;49.113804;93.255501;,
   93.195099;49.687599;93.339798;,
   57.273701;-69.746696;64.418701;,
   60.314899;-70.588501;64.530502;,
   57.579700;-68.602600;64.709602;,
   60.620903;-69.444397;64.821404;,
   50.693298;-75.567902;59.619999;,
   54.667500;-75.771103;53.432999;,
   61.732697;-77.689499;53.701298;,
   64.934196;-79.997002;60.032902;,
   60.504196;-80.491501;66.015602;,
   53.438999;-78.573196;65.747200;,
   90.070396;24.356300;82.365898;,
   82.633698;27.441601;82.325996;,
   97.913399;35.590099;83.583504;,
   81.724403;40.059200;82.985298;,
   89.333801;22.676300;89.749298;,
   90.070396;24.356300;82.365898;,
   96.778198;33.000999;94.962303;,
   97.913399;35.590099;83.583504;,
   89.333801;22.676300;89.749298;,
   96.778198;33.000999;94.962303;,
   81.897102;25.761499;89.709396;,
   80.589203;37.470001;94.364098;,
   82.633698;27.441601;82.325996;,
   81.897102;25.761499;89.709396;,
   81.724403;40.059200;82.985298;,
   80.589203;37.470001;94.364098;,
   57.273701;-69.746696;64.418701;,
   52.585400;-72.933098;70.404099;,
   60.314899;-70.588501;64.530502;,
   48.811401;-67.613503;61.242203;,
   56.017799;-68.721802;61.708900;,
   57.803200;-68.538902;59.111004;,
   54.463905;-68.648598;51.574699;,
   60.844398;-69.380798;59.222801;,
   65.120499;-71.411301;52.009201;,
   62.100300;-70.405602;61.932594;,
   69.921303;-75.479599;61.558296;,
   63.242004;-75.695801;70.838600;,
   80.589203;37.470001;94.364098;,
   96.778198;33.000999;94.962303;,
   78.442802;37.582500;96.171303;,
   98.549599;32.033100;96.914497;,
   97.913399;35.590099;83.583504;,
   100.059998;35.477600;81.776299;,
   81.724403;40.059200;82.985298;,
   79.953003;41.027100;81.033096;,
   58.706501;-25.932899;72.603500;,
   54.738899;-25.430300;61.436699;,
   52.573101;-17.120501;79.943298;,
   52.646301;-18.853001;56.895802;,
   54.426899;-13.322200;61.467098;,
   58.195202;-9.100180;71.089897;,
   48.714699;-10.357099;75.640900;,
   51.544701;-10.939000;81.732597;,
   53.464001;-10.069199;73.393402;,
   46.005501;-14.686499;68.860298;,
   50.216202;-14.004400;65.163696;,
   44.617298;-18.264400;66.590698;,
   48.631802;-18.558701;61.743301;,
   54.426899;-13.322200;61.467098;,
   52.646301;-18.853001;56.895802;,
   58.195202;-9.100180;71.089897;,
   53.908604;-25.047199;74.720497;,
   49.105999;-23.986799;76.822998;,
   46.227402;-23.392799;68.549400;,
   50.480701;-24.337099;64.964302;,
   58.706501;-25.932899;72.603500;,
   54.738899;-25.430300;61.436699;,
   48.631802;-18.558701;61.743301;,
   52.646301;-18.853001;56.895802;,
   44.617298;-18.264400;66.590698;,
   -18.405500;-9.367120;12.674400;,
   -19.394800;-11.850300;12.955800;,
   -19.754400;-10.836800;6.921930;,
   -20.835100;-13.549301;7.229360;,
   -19.617599;-10.784200;5.806440;,
   -20.878300;-14.054000;5.432280;,
   -19.175301;-10.731700;4.690950;,
   -21.783199;-12.878800;13.635299;,
   -23.444099;-14.672800;7.971550;,
   -23.801800;-15.298701;5.681270;,
   -20.635201;-14.558699;3.635200;,
   -20.546700;-12.819400;3.693710;,
   -19.333099;-10.779300;4.430290;,
   -26.053101;-13.549301;8.713730;,
   -26.754601;-14.017000;6.215430;,
   -27.683901;-15.039699;3.717130;,
   -24.159500;-16.479500;3.390980;,
   -24.121502;-14.734000;3.310720;,
   -24.171600;-11.850300;14.314701;,
   -27.133802;-10.836701;9.021150;,
   -27.888998;-10.864700;6.934000;,
   -29.143803;-10.892700;4.846850;,
   -27.721699;-13.265200;3.628680;,
   -25.160999;-9.367110;14.596099;,
   -26.353001;-8.345090;8.713720;,
   -27.464399;-8.058090;7.293740;,
   -28.575897;-6.546520;5.873760;,
   -28.995199;-10.779600;4.433190;,
   -24.171600;-6.883950;14.314701;,
   -23.487600;-7.166960;7.653880;,
   -23.566099;-6.482000;6.733780;,
   -23.644699;-4.406080;6.346600;,
   -28.319599;-6.529580;5.649470;,
   -21.783300;-5.855390;13.635299;,
   -19.394800;-6.883950;12.955800;,
   -20.315800;-8.345101;7.229350;,
   -20.148701;-7.419680;6.127100;,
   -19.546301;-6.494250;5.024850;,
   -19.800100;-6.423920;4.831980;,
   -23.628799;-4.531790;5.959310;,
   -18.405500;-9.367120;12.674400;,
   -19.754400;-10.836800;6.921930;,
   -19.617599;-10.784200;5.806440;,
   -19.175301;-10.731700;4.690950;,
   -19.333099;-10.779300;4.430290;,
   -18.048300;3.595960;-0.912356;,
   -21.105000;10.059000;-0.230516;,
   -17.919300;8.911660;-0.330410;,
   -24.290701;10.553001;-0.130623;,
   -30.684099;3.595960;-0.912356;,
   -27.551901;10.059000;-0.230516;,
   -30.813101;8.911660;-0.330410;,
   -29.271402;-1.788310;-0.531904;,
   -19.310101;-1.788310;-0.531904;,
   -29.520998;-10.486400;-0.912356;,
   -18.901600;-10.457900;-0.912356;,
   -24.290701;-16.299601;-0.301842;,
   -27.561703;-14.859400;-0.301842;,
   -21.019800;-14.859400;-0.301842;,
   -20.546700;-12.819400;3.693710;,
   -24.121502;-14.734000;3.310720;,
   -24.044203;-14.746600;2.791250;,
   -20.383900;-12.758000;3.021490;,
   -19.333099;-10.779300;4.430290;,
   -19.142300;-10.479500;3.439030;,
   -19.800100;-6.423920;4.831980;,
   -23.928801;-14.800800;1.276670;,
   -20.487301;-12.768500;0.924333;,
   -18.901600;-10.457900;0.665770;,
   -19.248301;-6.017900;3.388770;,
   -20.235500;-1.398190;3.931970;,
   -23.628799;-4.531790;5.959310;,
   -21.019800;-14.859400;1.276280;,
   -21.019800;-14.859400;-0.301842;,
   -18.901600;-10.457900;-0.912356;,
   -19.310101;-1.788310;-0.531904;,
   -19.798500;-1.400810;3.216080;,
   -24.290701;-16.299601;1.276280;,
   -24.290701;-16.299601;-0.301842;,
   -25.745600;7.101390;1.239960;,
   -23.952801;2.964140;0.774393;,
   -22.371597;7.490800;1.277260;,
   -24.290701;10.553001;1.447500;,
   -27.551901;10.059000;1.347610;,
   -21.105000;10.059000;1.347610;,
   -24.290701;10.553001;-0.130623;,
   -27.551901;10.059000;-0.230516;,
   -30.813101;8.911660;-0.330410;,
   -31.459600;8.809020;4.794550;,
   -26.704100;10.295200;5.210790;,
   -21.105000;10.059000;-0.230516;,
   -17.919300;8.911660;-0.330410;,
   -16.961201;8.808210;4.803010;,
   -21.380501;10.295999;5.202050;,
   -18.233700;7.685910;7.090410;,
   -21.043301;8.609980;7.166750;,
   -18.773100;4.944930;6.975050;,
   -17.419203;5.841390;4.210470;,
   -16.961201;8.808210;4.803010;,
   -17.919300;8.911660;-0.330410;,
   -18.048300;3.595960;-0.912356;,
   -22.742599;6.036950;7.079950;,
   -19.447001;2.419300;5.854810;,
   -18.896700;2.320180;3.639580;,
   -23.904100;2.645970;6.077290;,
   -23.504997;-1.879160;5.268160;,
   -28.050602;-1.879160;4.557180;,
   -28.319599;-6.529580;5.649470;,
   -29.306301;-6.577960;4.032990;,
   -28.995199;-10.779600;4.433190;,
   -28.983900;3.162390;5.854830;,
   -29.886900;3.063260;3.639870;,
   -28.779497;-1.881780;3.445270;,
   -25.105700;5.831220;7.060190;,
   -29.578197;4.980410;6.978460;,
   -30.999901;5.816000;4.208340;,
   -30.684099;3.595960;-0.912356;,
   -29.271402;-1.788310;-0.531904;,
   -26.786100;8.808530;7.192240;,
   -29.996899;7.754950;7.091030;,
   -31.459600;8.809020;4.794550;,
   -30.813101;8.911660;-0.330410;,
   -24.290701;-16.299601;-0.301842;,
   -24.290701;-16.299601;1.276280;,
   -27.561703;-14.859400;-0.301842;,
   -27.561703;-14.859400;1.276280;,
   -29.520998;-10.486400;0.665770;,
   -29.520998;-10.486400;-0.912356;,
   -29.340799;-10.898501;3.521540;,
   -27.721699;-13.265200;3.628680;,
   -23.928801;-14.800800;1.276670;,
   -27.525600;-13.249400;0.926661;,
   -27.782099;-13.263200;3.065740;,
   -24.121502;-14.734000;3.310720;,
   -24.044203;-14.746600;2.791250;,
   -29.388800;-1.802420;4.081840;,
   -29.168800;-1.735770;3.751820;,
   -28.297398;-2.171780;5.910690;,
   -28.548000;-2.252740;6.311560;,
   -29.956900;5.450410;7.514560;,
   -31.075199;5.876840;5.403140;,
   -30.855200;5.943490;5.073140;,
   -29.168800;-1.735770;3.751820;,
   -24.163500;-2.393780;7.009910;,
   -24.163500;5.309370;8.212910;,
   -29.706198;5.531370;7.113700;,
   -30.855200;5.943490;5.073140;,
   -24.163500;-2.270750;6.400700;,
   -20.653299;-2.105830;5.584130;,
   -20.200300;-2.190080;6.001260;,
   -18.250299;5.428390;7.623620;,
   -18.709400;5.511320;7.212980;,
   -24.163500;5.432410;7.603700;,
   -19.076900;-1.840980;4.272770;,
   -17.293600;5.840830;5.581420;,
   -17.755699;5.923100;5.174070;,
   -19.514400;-1.753600;3.840100;,
   -17.755699;5.923100;5.174070;,
   -19.514400;-1.753600;3.840100;,
   -29.168800;-1.735770;3.751820;,
   -30.855200;5.943490;5.073140;,
   -29.706198;5.531370;7.113700;,
   -28.297398;-2.171780;5.910690;,
   -24.163500;5.432410;7.603700;,
   -24.163500;-2.270750;6.400700;,
   -20.653299;-2.105830;5.584130;,
   -18.709400;5.511320;7.212980;,
   -19.514400;-1.753600;3.840100;,
   -17.755699;5.923100;5.174070;,
   -18.763901;-10.101000;9.436290;,
   -17.611799;-10.328900;7.498320;,
   -19.351299;-6.385230;7.203260;,
   -20.224100;-7.137500;9.259940;,
   -17.313700;-9.852870;9.058510;,
   -19.053301;-5.909240;8.763450;,
   -19.728399;-6.705960;10.619300;,
   -18.443197;-9.650390;10.842200;,
   -23.319799;-4.751730;7.701470;,
   -22.956600;-6.012760;9.602980;,
   -23.021797;-4.275730;9.261670;,
   -22.691698;-5.476670;10.989801;,
   -22.732800;-4.073260;10.774400;,
   -18.764299;-5.706760;10.276100;,
   -17.024700;-9.650390;10.571200;,
   -25.623100;-7.137510;10.291300;,
   -26.894499;-5.909240;10.261300;,
   -25.578400;-6.694290;11.734901;,
   -27.192499;-6.385240;8.701110;,
   -26.811399;-9.852870;10.943600;,
   -28.402800;-9.852870;11.176800;,
   -26.702700;-9.633880;12.417300;,
   -26.605499;-5.706760;11.774000;,
   -28.700899;-10.328900;9.616600;,
   -25.641899;-13.004900;11.205300;,
   -26.663200;-13.796501;11.471800;,
   -25.394300;-12.578301;12.635800;,
   -28.113901;-9.650390;12.689500;,
   -26.961300;-14.272501;9.911660;,
   -22.992800;-15.906000;9.413450;,
   -22.720600;-14.207400;10.838600;,
   -19.869801;-13.004900;10.102700;,
   -22.694799;-15.430000;10.973600;,
   -19.120102;-14.272501;8.413810;,
   -18.763901;-10.101000;9.436290;,
   -18.822100;-13.796501;9.974000;,
   -17.611799;-10.328900;7.498320;,
   -17.313700;-9.852870;9.058510;,
   -18.443197;-9.650390;10.842200;,
   -19.572701;-12.578301;11.523700;,
   -22.447901;-13.791099;12.265900;,
   -17.024700;-9.650390;10.571200;,
   -18.533100;-13.594000;11.486700;,
   -22.405800;-15.227499;12.486301;,
   -26.374302;-13.594000;12.984500;,
   -24.800800;-9.435350;14.858901;,
   -23.961500;-7.256320;14.643400;,
   -19.728001;-11.527001;13.465101;,
   -21.807301;-12.455200;14.025699;,
   -23.908501;-11.588801;14.603000;,
   -18.888800;-9.347990;13.249699;,
   -21.882299;-6.328150;14.082901;,
