xof 0303txt 0032
template VertexDuplicationIndices {
 <b8d65549-d7c9-4995-89cf-53a9a8b031e3>
 DWORD nIndices;
 DWORD nOriginalVertices;
 array DWORD indices[nIndices];
}

template EffectParamDWord {
 <e13963bc-ae51-4c5d-b00f-cfa3a9d97ce5>
 STRING ParamName;
 DWORD Value;
}

template FVFData {
 <b6e70a0e-8ef9-4e83-94ad-ecc8b0c04897>
 DWORD dwFVF;
 DWORD nDWords;
 array DWORD data[nDWords];
}

template EffectFloats {
 <f1cfe2b3-0de3-4e28-afa1-155a750a282d>
 DWORD nFloats;
 array FLOAT Floats[nFloats];
}

template EffectString {
 <d55b097e-bdb6-4c52-b03d-6051c89d0e42>
 STRING Value;
}

template EffectDWord {
 <622c0ed0-956e-4da9-908a-2af94f3ce716>
 DWORD Value;
}

template EffectInstance {
 <e331f7e4-0559-4cc2-8e99-1cec1657928f>
 STRING EffectFilename;
 [...]
}

template AnimTicksPerSecond {
 <9e415a43-7ba6-4a73-8743-b73d47e88476>
 DWORD AnimTicksPerSecond;
}

template VertexElement {
 <f752461c-1e23-48f6-b9f8-8350850f336f>
 DWORD Type;
 DWORD Method;
 DWORD Usage;
 DWORD UsageIndex;
}

template DeclData {
 <bf22e553-292c-4781-9fea-62bd554bdd93>
 DWORD nElements;
 array VertexElement Elements[nElements];
 DWORD nDWords;
 array DWORD data[nDWords];
}

template EffectParamFloats {
 <3014b9a0-62f5-478c-9b86-e4ac9f4e418b>
 STRING ParamName;
 DWORD nFloats;
 array FLOAT Floats[nFloats];
}

template EffectParamString {
 <1dbc4c88-94c1-46ee-9076-2c28818c9481>
 STRING ParamName;
 STRING Value;
}


AnimTicksPerSecond {
 4800;
}

Frame {
 

 FrameTransformMatrix {
  1.000000,0.000000,0.000000,0.000000,0.000000,1.000000,0.000000,0.000000,0.000000,0.000000,1.000000,0.000000,0.000000,0.000000,0.000000,1.000000;;
 }

 Frame Armature {
  

  FrameTransformMatrix {
   39.370079,0.000000,-0.000000,0.000000,-0.000000,0.000002,-39.370075,0.000000,0.000000,39.370075,0.000002,0.000000,0.000000,0.000000,0.000000,1.000000;;
  }

  Frame R_hand_grab {
   

   FrameTransformMatrix {
    0.996720,-0.069078,-0.042155,0.000000,-0.070855,-0.996603,-0.042203,0.000000,-0.039096,0.045051,-0.998219,0.000000,-45.372005,92.956673,59.770687,1.000000;;
   }

   Frame R_thumb {
    

    FrameTransformMatrix {
     0.595479,0.039361,0.802406,0.000000,-0.059772,0.998201,-0.004607,0.000000,-0.801144,-0.045218,0.596760,0.000000,-5.687817,1.199898,-21.633606,1.000000;;
    }
   }

   Frame R_finger {
    

    FrameTransformMatrix {
     0.986457,-0.145334,0.076024,0.000000,0.144905,0.989382,0.011167,0.000000,-0.076839,0.000001,0.997043,0.000000,-19.129499,0.000046,0.000000,1.000000;;
    }

    Frame R_finger_b {
     

     FrameTransformMatrix {
      -0.217942,-0.975962,-0.000000,0.000000,0.975962,-0.217943,0.000000,0.000000,0.000000,-0.000000,1.000000,0.000000,-12.296692,-0.000769,0.000006,1.000000;;
     }

     Frame R_finger_c {
      

      FrameTransformMatrix {
       0.998481,0.043559,0.033738,0.000000,-0.041442,0.997270,-0.061097,0.000000,-0.036307,0.059606,0.997561,0.000000,-20.200436,0.000040,-0.000015,1.000000;;
      }
     }
    }
   }
  }

  Frame root {
   

   FrameTransformMatrix {
    -0.022602,-0.045203,-0.998722,0.000000,-0.406283,0.913182,-0.032137,0.000000,0.913468,0.405037,-0.039005,0.000000,1.035360,4.041907,42.190407,1.000000;;
   }

   Frame pelvis {
    

    FrameTransformMatrix {
     0.979278,-0.201168,-0.023362,0.000000,0.196624,0.972054,-0.128257,0.000000,0.048510,0.121006,0.991466,0.000000,8.991616,-1.533958,0.000000,1.000000;;
    }

    Frame R_thigh {
     

     FrameTransformMatrix {
      -0.864637,-0.281403,-0.416191,0.000000,0.404038,-0.881835,-0.243146,0.000000,-0.298589,-0.378390,0.876165,0.000000,0.895416,-2.712023,6.571229,1.000000;;
     }

     Frame R_calf {
      

      FrameTransformMatrix {
       0.147943,-0.938080,0.313239,0.000000,0.836861,0.287525,0.465824,0.000000,-0.527045,0.193222,0.827580,0.000000,-16.378403,0.000003,0.000001,1.000000;;
      }

      Frame R_foot {
       

       FrameTransformMatrix {
        -0.645330,0.585687,-0.490428,0.000000,-0.740435,-0.637487,0.212992,0.000000,-0.187895,0.500581,0.845054,0.000000,-18.427702,0.000019,0.000001,1.000000;;
       }
      }
     }
    }

    Frame L_thigh {
     

     FrameTransformMatrix {
      -0.616068,-0.787147,0.029309,0.000000,0.524300,-0.437549,-0.730521,0.000000,0.587852,-0.434684,0.682261,0.000000,0.895423,-2.712017,-6.571229,1.000000;;
     }

     Frame L_calf {
      

      FrameTransformMatrix {
       0.153648,-0.937195,-0.313141,0.000000,0.836600,0.292020,-0.463491,0.000000,0.525825,-0.190759,0.828927,0.000000,-16.378403,-0.000011,0.000001,1.000000;;
      }

      Frame L_foot {
       

       FrameTransformMatrix {
        -0.387275,0.782912,0.486894,0.000000,-0.877250,-0.475384,0.066642,0.000000,0.283637,-0.401319,0.870915,0.000000,-18.427702,0.000002,-0.000005,1.000000;;
       }
      }
     }
    }
   }

   Frame spine {
    

    FrameTransformMatrix {
     0.761187,-0.624632,0.174443,0.000000,0.626557,0.638864,-0.446407,0.000000,0.167395,0.449097,0.877662,0.000000,-7.991085,1.363270,0.000000,1.000000;;
    }

    Frame L_chest {
     

     FrameTransformMatrix {
      -0.430032,0.899278,-0.079822,0.000000,-0.902689,-0.429754,0.021521,0.000000,-0.014950,0.081310,0.996577,0.000000,-27.748304,-0.783664,-2.367367,1.000000;;
     }
    }

    Frame R_chest {
     

     FrameTransformMatrix {
      -0.000000,0.000001,-1.000000,0.000000,-0.248895,0.968530,0.000001,0.000000,0.968530,0.248895,0.000000,0.000000,-27.748304,-0.783668,2.367370,1.000000;;
     }
    }

    Frame L_shoulder {
     

     FrameTransformMatrix {
      0.365643,-0.112457,0.923937,0.000000,0.926952,0.133645,-0.350569,0.000000,-0.084055,0.984628,0.153109,0.000000,-41.817192,-12.489997,-29.434202,1.000000;;
     }

     Frame L_uparm1 {
      

      FrameTransformMatrix {
       -0.501396,0.860676,0.088535,0.000000,-0.449783,-0.346696,0.823102,0.000000,0.739119,0.372878,0.560950,0.000000,-6.544606,0.000010,-0.000007,1.000000;;
      }

      Frame L_forearm {
       

       FrameTransformMatrix {
        0.316447,0.922876,0.219457,0.000000,-0.780275,0.384797,-0.493054,0.000000,-0.539474,-0.015212,0.841865,0.000000,45.833717,0.113828,-1.994576,1.000000;;
       }

       Frame L_hand {
        

        FrameTransformMatrix {
         0.965258,-0.199492,0.168762,0.000000,0.112718,-0.264782,-0.957698,0.000000,0.235738,0.943447,-0.233096,0.000000,53.879929,-0.593217,0.711847,1.000000;;
        }

        Frame L_thumb {
         

         FrameTransformMatrix {
          0.595477,0.039362,0.802407,0.000000,-0.059775,0.998201,-0.004607,0.000000,-0.801145,-0.045221,0.596758,0.000000,5.687809,-1.199923,21.633617,1.000000;;
         }
        }

        Frame L_finger {
         

         FrameTransformMatrix {
          0.986466,-0.145275,0.076024,0.000000,0.144845,0.989391,0.011162,0.000000,-0.076839,0.000000,0.997043,0.000000,19.129431,-0.000057,-0.000008,1.000000;;
         }

         Frame L_finger_b {
          

          FrameTransformMatrix {
           -0.217992,-0.975950,-0.000000,0.000000,0.975950,-0.217992,0.000000,0.000000,0.000000,-0.000000,1.000000,0.000000,12.296702,0.000011,0.000031,1.000000;;
          }

          Frame L_finger_c {
           

           FrameTransformMatrix {
            0.998481,0.043549,0.033738,0.000000,-0.041432,0.997271,-0.061097,0.000000,-0.036307,0.059606,0.997561,0.000000,20.200899,-0.000012,0.000008,1.000000;;
           }
          }
         }
        }
       }
      }
     }
    }

    Frame R_shoulder {
     

     FrameTransformMatrix {
      0.202392,-0.183382,-0.961981,0.000000,0.935461,0.326832,0.134509,0.000000,0.289740,-0.927120,0.237695,0.000000,-41.817196,-12.489997,29.434202,1.000000;;
     }

     Frame R_uparm {
      

      FrameTransformMatrix {
       0.766407,-0.275798,0.580134,0.000000,-0.089751,0.848300,0.521854,0.000000,-0.636055,-0.452020,0.625390,0.000000,-6.544589,-0.000021,-0.000002,1.000000;;
      }

      Frame R_forearm {
       

       FrameTransformMatrix {
        0.148561,0.771413,0.618749,0.000000,-0.892054,0.374588,-0.252829,0.000000,-0.426812,-0.514398,0.743792,0.000000,-45.833714,-0.113837,1.994657,1.000000;;
       }
      }
     }
    }

    Frame neck {
     

     FrameTransformMatrix {
      0.982093,0.188395,0.000000,0.000000,-0.188395,0.982093,0.000000,0.000000,0.000000,0.000000,1.000000,0.000000,-45.772110,-8.458545,0.000000,1.000000;;
     }

     Frame head {
      

      FrameTransformMatrix {
       -0.144773,0.699272,-0.700042,0.000000,-0.052436,-0.711924,-0.700296,0.000000,-0.988074,-0.064676,0.139735,0.000000,-8.582556,-0.000008,0.000000,1.000000;;
      }
     }
    }
   }
  }
 }

 Frame Model {
  

  FrameTransformMatrix {
   39.370079,-0.000000,0.000006,0.000000,0.000006,-0.000006,-39.370079,0.000000,0.000000,39.370079,-0.000006,0.000000,-0.000000,-0.000330,0.000045,1.000000;;
  }

  Mesh Model {
   2597;
   8.502690;-5.546520;64.477402;,
   8.391310;-5.989580;51.002800;,
   8.751220;0.062405;64.244598;,
   5.181620;-9.690960;64.658600;,
   5.135890;-10.056400;50.578400;,
   6.917550;-5.446830;49.980701;,
   8.893990;-0.409482;50.546799;,
   5.458300;4.142940;64.091003;,
   5.437890;3.699960;49.720001;,
   0.000000;5.865390;64.054703;,
   -0.000000;-11.368200;64.766197;,
   -0.000000;-11.894301;49.999599;,
   4.331180;-8.982910;49.978199;,
   4.565110;-9.397940;46.930401;,
   7.353440;-5.643650;45.427601;,
   6.804690;-0.791093;49.258400;,
   -5.135890;-10.056400;50.578400;,
   -4.331180;-8.982910;49.978199;,
   -0.000000;-10.362800;49.622700;,
   -0.000000;-10.957300;47.861401;,
   -5.181620;-9.690960;64.658600;,
   -8.391310;-5.989580;51.002800;,
   -6.917550;-5.446830;49.980701;,
   -4.565110;-9.397930;46.930401;,
   -8.502690;-5.546520;64.477402;,
   -8.751220;0.062408;64.244598;,
   -8.893990;-0.409479;50.546799;,
   -6.804690;-0.791093;49.258400;,
   -7.353440;-5.643640;45.427601;,
   -3.508300;-8.053701;45.704201;,
   -0.000000;-9.529460;46.608601;,
   -5.458300;4.142940;64.091003;,
   -5.437890;3.699970;49.720001;,
   -4.707470;1.974730;47.961601;,
   -7.476390;-1.270050;44.595402;,
   -5.600200;-5.152900;44.245602;,
   0.000000;5.415430;48.978001;,
   0.000000;4.017050;47.326698;,
   -4.888180;2.652480;44.613400;,
   -5.766020;-1.325920;43.675098;,
   4.707470;1.974730;47.961601;,
   4.888180;2.652480;44.613400;,
   0.000000;4.387570;45.445301;,
   0.000000;3.154350;44.146999;,
   -3.842900;1.397870;43.339100;,
   7.476390;-1.270050;44.595402;,
   5.766020;-1.325920;43.675098;,
   3.842900;1.397870;43.339100;,
   5.600200;-5.152900;44.245602;,
   4.221700;-4.885140;38.433498;,
   4.357810;-1.812860;38.322800;,
   3.036650;0.813243;37.907501;,
   0.000000;2.212100;37.801800;,
   3.508300;-8.053701;45.704201;,
   2.761870;-7.395050;38.283001;,
   -0.000000;-8.944450;37.718800;,
   -2.761870;-7.395050;38.283001;,
   -4.221700;-4.885140;38.433498;,
   -4.357810;-1.812860;38.322800;,
   -3.036650;0.813246;37.907501;,
   -41.183201;6.598060;93.901100;,
   -40.797699;11.267600;96.960999;,
   -34.623501;7.030900;93.142700;,
   -32.595402;11.703900;95.848503;,
   -25.868099;7.220360;92.133797;,
   -25.515200;11.657699;94.916100;,
   -30.994301;8.714440;100.879997;,
   -24.877899;8.944670;100.029999;,
   -25.256001;4.044610;97.156403;,
   -40.174301;8.195410;102.113998;,
   -32.332802;3.818990;97.955299;,
   -25.868099;7.220360;92.133797;,
   -34.623501;7.030900;93.142700;,
   -40.583000;3.353990;98.902000;,
   -41.183201;6.598060;93.901100;,
   54.846802;90.169502;85.196098;,
   58.249496;91.211502;91.286400;,
   71.962196;95.126198;85.046700;,
   69.935699;94.410698;91.199097;,
   61.625198;96.628098;94.480698;,
   69.877701;97.564201;94.289101;,
   64.953003;103.860001;93.705101;,
   73.208099;104.492996;92.912697;,
   58.249496;91.211502;91.286400;,
   54.846802;90.169502;85.196098;,
   58.042305;79.257896;85.743401;,
   62.043301;82.097000;99.532303;,
   59.935001;90.156601;102.814003;,
   61.625198;96.628098;94.480698;,
   59.014099;98.702698;101.664001;,
   64.953003;103.860001;93.705101;,
   55.657703;106.119003;104.504997;,
   74.172401;82.862396;85.524300;,
   74.578796;84.130898;99.462601;,
   74.126404;93.024597;102.906998;,
   71.552299;100.461998;101.041000;,
   69.827904;107.866997;103.325996;,
   64.953003;103.860001;93.705101;,
   73.208099;104.492996;92.912697;,
   69.935699;94.410698;91.199097;,
   69.877701;97.564201;94.289101;,
   73.208099;104.492996;92.912697;,
   71.962196;95.126198;85.046700;,
   50.797699;89.020203;57.562702;,
   50.140400;87.506500;43.774502;,
   47.476898;98.764198;55.926994;,
   46.978001;97.611397;43.126999;,
   49.008400;99.916801;55.839802;,
   48.530899;98.744698;42.472401;,
   50.797699;89.020203;57.562702;,
   47.476898;98.764198;55.926994;,
   41.194500;95.324898;54.510597;,
   44.074699;84.890999;56.284500;,
   43.611801;83.781601;46.706699;,
   50.797699;89.020203;57.562702;,
   50.140400;87.506500;43.774502;,
   40.749500;94.445297;45.403000;,
   50.140400;87.506500;43.774502;,
   46.978001;97.611397;43.126999;,
   43.344101;98.060997;50.834000;,
   46.978001;97.611397;43.126999;,
   45.364201;100.204002;50.734699;,
   48.530899;98.744698;42.472401;,
   48.102901;102.328003;50.692902;,
   48.294701;104.704002;40.213402;,
   47.476898;98.764198;55.926994;,
   49.008400;99.916801;55.839802;,
   48.447601;105.946999;54.678699;,
   46.621700;98.169899;59.156197;,
   52.806000;87.286797;60.486599;,
   39.723400;96.012901;61.178799;,
   43.519402;82.260902;63.031303;,
   40.003799;97.083397;72.181000;,
   42.996799;98.672096;67.182999;,
   46.621700;98.169899;59.156197;,
   45.022999;100.807999;67.066101;,
   47.518299;98.809898;59.176601;,
   43.753601;83.282898;74.544899;,
   53.230598;88.619698;74.385498;,
   47.123699;99.407402;72.607002;,
   53.230598;88.619698;74.385498;,
   52.806000;87.286797;60.486599;,
   47.123699;99.407402;72.607002;,
   48.020401;100.050003;72.693802;,
   46.903000;102.250999;67.047401;,
   46.667999;105.095001;58.715397;,
   47.220600;106.155998;71.147499;,
   53.230598;88.619698;74.385498;,
   52.806000;87.286797;60.486599;,
   47.123699;99.407402;72.607002;,
   46.621700;98.169899;59.156197;,
   47.518299;98.809898;59.176601;,
   48.020401;100.050003;72.693802;,
   51.761002;90.731102;91.209000;,
   43.664001;85.880600;90.268997;,
   50.870098;89.341103;77.481697;,
   43.214600;84.850998;79.490501;,
   40.567101;99.192001;78.852402;,
   50.870098;89.341103;77.481697;,
   48.286900;100.846001;76.560898;,
   41.092098;100.027000;89.477303;,
   44.518902;101.072998;83.404701;,
   48.286900;100.846001;76.560898;,
   47.222599;103.384003;83.267097;,
   49.167000;101.431999;76.324898;,
   51.761002;90.731102;91.209000;,
   48.425800;101.693001;90.945198;,
   48.425800;101.693001;90.945198;,
   49.487301;102.431000;90.905701;,
   49.266300;104.570999;83.261002;,
   49.096901;106.067001;76.238800;,
   49.312000;107.105003;90.622704;,
   51.761002;90.731102;91.209000;,
   50.870098;89.341103;77.481697;,
   48.286900;100.846001;76.560898;,
   48.425800;101.693001;90.945198;,
   49.487301;102.431000;90.905701;,
   49.167000;101.431999;76.324898;,
   0.258740;-16.397699;-0.104497;,
   6.435840;8.214410;0.395227;,
   19.602800;-19.762400;0.854912;,
   27.814503;3.060480;-0.220983;,
   7.061440;31.910603;-0.132716;,
   41.865002;19.805502;-0.474643;,
   0.258740;-16.397699;-0.104497;,
   19.602800;-19.762400;0.854912;,
   4.168680;-15.180600;4.337110;,
   17.067801;-17.146400;4.361840;,
   4.941300;-18.294203;9.626490;,
   20.533899;-16.242100;9.006980;,
   13.688800;-0.363940;22.768700;,
   7.873590;-0.727315;23.210600;,
   16.090900;-0.743285;13.539899;,
   13.451000;3.880100;22.635300;,
   6.645800;-0.893568;14.142600;,
   7.461300;3.474010;23.060600;,
   7.873590;-0.727315;23.210600;,
   4.941300;-18.294203;9.626490;,
   16.279400;-1.142440;12.642500;,
   6.530670;-1.270010;13.301100;,
   4.168680;-15.180600;4.337110;,
   17.067801;-17.146400;4.361840;,
   6.816990;3.578860;12.227400;,
   0.258740;-16.397699;-0.104497;,
   4.168680;-15.180600;4.337110;,
   6.435840;8.214410;0.395227;,
   9.941720;12.284200;6.476450;,
   9.139880;21.786301;5.255900;,
   7.061440;31.910603;-0.132716;,
   8.874570;35.194401;12.680400;,
   6.530670;-1.270010;13.301100;,
   16.279400;-1.142440;12.642500;,
   22.889000;0.049475;13.531901;,
   24.823099;6.451550;7.150500;,
   33.776001;13.492301;4.478240;,
   21.534403;27.758400;8.945690;,
   7.061440;31.910603;-0.132716;,
   41.865002;19.805502;-0.474643;,
   17.067801;-17.146400;4.361840;,
   19.602800;-19.762400;0.854912;,
   27.814503;3.060480;-0.220983;,
   41.865002;19.805502;-0.474643;,
   42.938099;23.907700;11.749900;,
   -3.602260;-9.725750;39.261002;,
   -7.532670;-0.489662;23.892099;,
   -2.822740;-5.322340;39.824501;,
   -7.643980;3.581820;23.753201;,
   -7.419080;-5.121370;39.495399;,
   -13.133900;3.981750;23.297701;,
   -13.596800;-0.070992;23.362600;,
   -8.156760;-9.611520;38.922100;,
   -7.532670;-0.489662;23.892099;,
   -3.602260;-9.725750;39.261002;,
   -15.867899;0.630108;18.674200;,
   -4.835690;-0.296076;19.235800;,
   -5.313910;-3.345170;20.760401;,
   -16.346100;-2.418990;20.198700;,
   -5.637820;-4.417340;24.030899;,
   -16.670000;-3.491150;23.469200;,
   -16.650000;-1.958340;26.569901;,
   -5.617720;-2.884530;27.131500;,
   -16.297600;1.281560;27.684301;,
   -5.265370;0.355381;28.245901;,
   -15.819400;4.330650;26.159700;,
   -4.787180;3.404470;26.721300;,
   -15.495400;5.402820;22.889200;,
   -4.463250;4.476640;23.450800;,
   -4.483340;2.943840;20.350201;,
   -15.515501;3.869990;19.788603;,
   -4.835690;-0.296076;19.235800;,
   -15.867899;0.630108;18.674200;,
   -4.483340;2.943840;20.350201;,
   -4.463250;4.476640;23.450800;,
   -4.787180;3.404470;26.721300;,
   -5.265370;0.355381;28.245901;,
   -4.835690;-0.296076;19.235800;,
   -5.617720;-2.884530;27.131500;,
   -5.313910;-3.345170;20.760401;,
   -5.637820;-4.417340;24.030899;,
   -15.819400;4.330650;26.159700;,
   -15.495400;5.402820;22.889200;,
   -15.515501;3.869990;19.788603;,
   -16.297600;1.281560;27.684301;,
   -15.867899;0.630108;18.674200;,
   -16.650000;-1.958340;26.569901;,
   -16.346100;-2.418990;20.198700;,
   -16.670000;-3.491150;23.469200;,
   -3.402170;-0.229579;21.905600;,
   -3.734440;-1.936680;23.891899;,
   -17.199699;0.928753;21.203199;,
   -17.532000;-0.778352;23.189501;,
   -17.377701;1.198610;24.935400;,
   -3.580150;0.040267;25.637800;,
   -17.045500;2.905710;22.949200;,
   -3.247900;1.747380;23.651600;,
   -3.402170;-0.229579;21.905600;,
   -17.199699;0.928753;21.203199;,
   -3.402170;-0.229579;21.905600;,
   -3.247900;1.747380;23.651600;,
   -3.734440;-1.936680;23.891899;,
   -3.580150;0.040267;25.637800;,
   -17.377701;1.198610;24.935400;,
   -17.045500;2.905710;22.949200;,
   -17.532000;-0.778352;23.189501;,
   -17.199699;0.928753;21.203199;,
   -6.680760;8.214410;0.395227;,
   -0.731519;-16.397699;-0.104497;,
   -19.602800;-19.762400;0.854912;,
   -28.488098;3.060480;-0.220983;,
   -8.230400;30.944498;0.059007;,
   -42.381599;19.066401;-0.276512;,
   -7.874000;-0.727224;23.210699;,
   -13.689299;-0.364169;22.768801;,
   -4.940890;-18.293900;9.626370;,
   -20.412901;-15.868901;9.012050;,
   -17.067801;-16.748899;4.361840;,
   -4.168680;-15.180600;4.337110;,
   -19.602800;-19.762400;0.854912;,
   -0.731519;-16.397699;-0.104497;,
   -15.483400;-0.371048;13.451600;,
   -16.279800;-1.142620;12.642600;,
   -17.067801;-16.748899;4.361840;,
   -13.451701;3.879880;22.635498;,
   -7.421410;-0.660597;14.085901;,
   -8.008540;-0.790566;13.189900;,
   -7.461950;3.474130;23.060699;,
   -7.874000;-0.727224;23.210699;,
   -4.940890;-18.293900;9.626370;,
   -4.168680;-15.180600;4.337110;,
   -8.663600;3.473340;12.227400;,
   -0.731519;-16.397699;-0.104497;,
   -6.680760;8.214410;0.395227;,
   -4.168680;-15.180600;4.337110;,
   -8.008540;-0.790566;13.189900;,
   -16.279800;-1.142620;12.642600;,
   -22.594299;0.049475;13.531901;,
   -17.067801;-16.748899;4.361840;,
   -10.691700;12.284200;6.476450;,
   -24.823099;6.451550;7.150500;,
   -28.488098;3.060480;-0.220983;,
   -19.602800;-19.762400;0.854912;,
   -10.269900;21.010099;5.346620;,
   -33.447201;13.174800;4.690760;,
   -42.381599;19.066401;-0.276512;,
   -42.891899;23.091700;12.536700;,
   -22.431999;27.160202;8.967250;,
   -42.381599;19.066401;-0.276512;,
   -8.230400;30.944498;0.059007;,
   -10.009499;34.166801;12.631900;,
   -8.230400;30.944498;0.059007;,
   -48.263100;95.879997;36.686001;,
   -41.990398;93.040703;39.253201;,
   -51.231602;85.802696;38.157101;,
   -44.652699;82.467400;41.426601;,
   -42.518799;94.667297;48.252998;,
   -45.206902;84.361702;50.875599;,
   -52.018600;88.446899;51.766899;,
   -51.231602;85.802696;38.157101;,
   -44.694801;97.043503;44.348701;,
   -48.877499;98.085503;49.342098;,
   -46.755699;99.130203;44.059502;,
   -50.430500;99.195801;49.150299;,
   -49.535099;101.188004;43.825199;,
   -49.979500;105.117996;47.492901;,
   -48.263100;95.879997;36.686001;,
   -49.833000;96.923302;35.930302;,
   -49.697201;102.678001;33.182999;,
   -52.018600;88.446899;51.766899;,
   -48.877499;98.085503;49.342098;,
   -51.231602;85.802696;38.157101;,
   -52.018600;88.446899;51.766899;,
   -48.877499;98.085503;49.342098;,
   -48.263100;95.879997;36.686001;,
   -50.430500;99.195801;49.150299;,
   -49.833000;96.923302;35.930302;,
   -48.034302;97.779800;52.614300;,
   -41.110001;95.938202;54.848602;,
   -54.013798;86.923203;54.813995;,
   -44.649200;82.314903;57.821404;,
   -41.491199;97.916298;65.721298;,
   -44.987000;84.288200;69.208000;,
   -54.565403;89.401398;68.550400;,
   -54.013798;86.923203;54.813995;,
   -44.478401;99.022202;60.591301;,
   -48.658199;100.124001;65.911797;,
   -46.545200;101.099998;60.285103;,
   -49.567902;100.753998;65.939598;,
   -48.452801;102.498001;60.135502;,
   -48.876701;106.723999;63.893394;,
   -48.034302;97.779800;52.614300;,
   -48.943401;98.401100;52.576199;,
   -48.213100;104.641998;51.596600;,
   -54.565403;89.401398;68.550400;,
   -48.658199;100.124001;65.911797;,
   -54.013798;86.923203;54.813995;,
   -54.565403;89.401398;68.550400;,
   -48.658199;100.124001;65.911797;,
   -48.034302;97.779800;52.614300;,
   -48.943401;98.401100;52.576199;,
   -49.567902;100.753998;65.939598;,
   -49.877998;101.862999;69.725197;,
   -42.144199;100.561996;72.190002;,
   -52.242100;90.425697;71.588799;,
   -44.514900;86.273598;74.008400;,
   -45.062698;88.188904;84.660599;,
   -52.242100;90.425697;71.588799;,
   -53.259796;92.936996;85.147003;,
   -42.762699;102.268997;82.705101;,
   -53.259796;92.936996;85.147003;,
   -50.138100;103.903999;83.987503;,
   -46.165100;102.736000;76.547203;,
   -50.138100;103.903999;83.987503;,
   -48.912498;104.972000;76.202003;,
   -51.213501;104.614998;83.880600;,
   -50.979004;106.113998;76.085297;,
   -51.127701;109.250992;83.209396;,
   -49.877998;101.862999;69.725197;,
   -50.767700;102.410004;69.436096;,
   -50.787800;107.022003;68.963898;,
   -49.877998;101.862999;69.725197;,
   -52.242100;90.425697;71.588799;,
   -53.259796;92.936996;85.147003;,
   -50.138100;103.903999;83.987503;,
   -51.213501;104.614998;83.880600;,
   -50.767700;102.410004;69.436096;,
   -56.290203;91.814102;79.184700;,
   -73.497902;96.395599;78.526001;,
   -59.756802;93.291397;85.147499;,
   -71.502502;96.236397;84.727898;,
   -63.261101;98.886497;87.859497;,
   -71.528702;99.637001;87.544197;,
   -63.696301;110.124008;87.487297;,
   -71.956299;110.521996;86.598503;,
   -71.956299;110.521996;86.598503;,
   -71.802101;111.315010;100.976997;,
   -63.696301;110.124008;87.487297;,
   -57.609402;109.956009;102.376999;,
   -59.969799;103.094002;98.191399;,
   -63.696301;110.124008;87.487297;,
   -63.261101;98.886497;87.859497;,
   -61.514305;93.275597;97.581596;,
   -59.756802;93.291397;85.147499;,
   -72.535301;104.542999;97.353600;,
   -75.759300;95.855202;97.354797;,
   -76.003403;86.589897;93.794701;,
   -63.431198;84.821602;94.104202;,
   -59.275295;80.924004;80.623100;,
   -56.290203;91.814102;79.184700;,
   -71.956299;110.521996;86.598503;,
   -71.528702;99.637001;87.544197;,
   -71.502502;96.236397;84.727898;,
   -75.470901;84.172401;80.013397;,
   -73.497902;96.395599;78.526001;,
   -42.628399;14.997200;81.585503;,
   -44.263401;-1.800530;82.635399;,
   -58.490795;-1.413440;82.198303;,
   -62.203602;15.234901;81.940598;,
   -59.360401;29.031601;90.079102;,
   -44.010601;29.100800;89.826302;,
   -67.480301;3.084280;90.486099;,
   -68.306999;21.722300;94.765297;,
   -63.436901;25.714701;96.014702;,
   -60.890900;14.617200;107.901009;,
   -55.320206;18.457500;108.857994;,
   -62.514503;-1.473060;90.589302;,
   -60.063396;1.261520;105.322998;,
   -55.279697;-1.950400;104.936996;,
   -54.520000;7.300290;112.402992;,
   -33.995804;19.278700;107.124001;,
   -30.801003;7.677670;108.765007;,
   -32.465199;-2.538710;104.004997;,
   -62.514503;-1.473060;90.589302;,
   -58.490795;-1.413440;82.198303;,
   -44.263401;-1.800530;82.635399;,
   -55.279697;-1.950400;104.936996;,
   -32.465199;-2.538710;104.004997;,
   -59.360401;29.031601;90.079102;,
   -63.436901;25.714701;96.014702;,
   -44.010601;29.100800;89.826302;,
   -55.320206;18.457500;108.857994;,
   -33.995804;19.278700;107.124001;,
   -59.110703;-4.962610;98.160301;,
   -55.495502;-3.375590;96.030502;,
   -56.851700;-3.386660;91.612701;,
   -62.212700;-6.957660;94.080704;,
   -68.367798;-2.282310;97.978203;,
   -64.301697;-0.574673;101.432999;,
   -70.727997;10.898600;101.478996;,
   -66.379097;10.258400;104.317001;,
   -64.811798;21.130899;105.010002;,
   -60.929195;-9.656930;95.614304;,
   -68.810997;-3.791740;101.195999;,
   -72.068802;10.422900;105.232002;,
   -68.236298;22.822100;103.174004;,
   -58.283794;26.159000;102.950996;,
   -53.164001;-3.380910;91.132797;,
   -58.778194;-7.443570;98.093903;,
   -65.932999;-3.158570;103.094002;,
   -68.633202;10.021000;107.057999;,
   -65.856201;21.803499;107.846001;,
   -68.347298;23.610800;106.373001;,
   -52.956699;-3.449140;94.690102;,
   -55.495502;-3.375590;96.030502;,
   -59.110703;-4.962610;98.160301;,
   -64.301697;-0.574673;101.432999;,
   -66.379097;10.258400;104.317001;,
   -64.811798;21.130899;105.010002;,
   -58.283794;26.159000;102.950996;,
   -57.715302;28.592697;104.765999;,
   -58.514599;31.071901;102.861000;,
   -60.113499;29.332399;100.373001;,
   -57.744801;25.203199;99.330803;,
   -55.247200;24.216299;102.334000;,
   -55.247200;24.216299;102.334000;,
   -52.785702;24.489799;101.723999;,
   -52.361198;26.302900;98.905197;,
   -55.884197;26.602699;98.041199;,
   -51.363804;22.307301;101.605003;,
   -50.671101;25.366100;96.162903;,
   -52.317902;25.439800;102.378998;,
   -52.037701;28.183201;98.153297;,
   -56.353401;24.778500;104.123001;,
   -56.241196;21.308901;103.292000;,
   -51.363804;22.307301;101.605003;,
   -57.192200;25.494499;95.250099;,
   -57.290005;28.384800;97.609802;,
   -59.921600;26.457800;100.016998;,
   -60.947201;23.279800;98.752296;,
   -60.947201;23.279800;98.752296;,
   -54.442501;-4.078210;89.976898;,
   -52.452599;-0.580056;88.350197;,
   -51.034599;-0.581391;94.456200;,
   -53.375198;-4.102420;94.738602;,
   -59.965694;-3.627890;91.400803;,
   -59.702305;0.253939;90.019798;,
   -52.452599;-0.580056;88.350197;,
   -56.388405;-0.288351;97.882896;,
   -57.400002;-3.783840;97.353203;,
   -56.388405;-0.288351;97.882896;,
   -59.702305;0.253939;90.019798;,
   -50.300201;-3.765960;101.009003;,
   -52.575298;-6.746160;103.829002;,
   -49.304798;-3.604890;98.464203;,
   -51.963600;-9.953470;103.935997;,
   -51.317200;-3.579850;95.876198;,
   -55.237301;-11.649700;103.070000;,
   -53.619202;-3.935310;98.358398;,
   -54.481201;-5.045330;111.302002;,
   -58.163803;-5.994140;110.947990;,
   -56.673496;-9.403421;102.391998;,
   -52.575298;-6.746160;103.829002;,
   -50.300201;-3.765960;101.009003;,
   -54.750599;-2.552650;109.288002;,
   -55.807201;4.974510;116.726006;,
   -60.149506;4.981950;117.228989;,
   -61.215199;5.816330;113.250992;,
   -59.699097;-4.333690;108.721001;,
   -54.750599;-2.552650;109.288002;,
   -58.421902;5.580820;112.879005;,
   -58.421902;5.580820;112.879005;,
   -54.606297;17.903400;112.224998;,
   -54.372398;18.372400;116.008995;,
   -57.577797;19.135300;116.080002;,
   -59.065205;18.886299;113.256996;,
   -50.834599;24.375401;110.222000;,
   -52.644402;26.551100;109.324989;,
   -54.991501;24.785400;108.169998;,
   -54.606297;17.903400;112.224998;,
   -51.994400;22.084200;109.007004;,
   -49.620899;21.044001;106.637001;,
   -48.107101;21.544203;104.915001;,
   -49.411400;23.232500;102.655998;,
   -52.542301;23.140699;103.838997;,
   -53.151699;21.676001;105.704002;,
   -53.151699;21.676001;105.704002;,
   -51.994400;22.084200;109.007004;,
   -48.769001;24.516500;101.921997;,
   -48.278099;22.111700;100.376999;,
   -53.722202;21.772200;102.267998;,
   -53.553501;24.127501;103.669998;,
   -54.625298;22.072800;106.883003;,
   -49.582901;20.746000;108.824997;,
   -47.014500;21.996597;105.790001;,
   -48.278099;22.111700;100.376999;,
   -46.446602;19.437403;104.828003;,
   -55.101299;19.610701;106.445000;,
   -49.502102;18.247101;108.064995;,
   -55.101299;19.610701;106.445000;,
   -47.329399;-1.588740;98.530296;,
   -50.197498;-1.806570;103.184998;,
   -48.898602;-4.567880;98.909798;,
   -50.958801;-4.659420;102.261002;,
   -55.121403;-4.643290;98.884598;,
   -51.349998;-4.565090;95.655800;,
   -47.329399;-1.588740;98.530296;,
   -50.683399;-1.634200;94.214798;,
   -55.916302;-1.495330;98.476501;,
   -55.916302;-1.495330;98.476501;,
   -50.683399;-1.634200;94.214798;,
   -54.205505;31.478001;68.826302;,
   -53.981602;29.229300;60.064396;,
   -59.622898;80.992203;58.539604;,
   -59.833401;86.472900;71.353104;,
   -64.004898;30.423201;72.870903;,
   -73.633904;87.452400;74.950699;,
   -83.132401;82.704300;64.769302;,
   -72.011299;27.004000;67.598801;,
   -81.399200;76.713898;50.630402;,
   -71.646400;24.474899;57.635502;,
   -69.896500;75.813202;47.435299;,
   -62.244904;25.794600;53.583599;,
   -53.981602;29.229300;60.064396;,
   -59.622898;80.992203;58.539604;,
   -69.896500;75.813202;47.435299;,
   -81.399200;76.713898;50.630402;,
   -83.132401;82.704300;64.769302;,
   -59.622898;80.992203;58.539604;,
   -73.633904;87.452400;74.950699;,
   -59.833401;86.472900;71.353104;,
   -54.205505;31.478001;68.826302;,
   -62.244904;25.794600;53.583599;,
   -53.981602;29.229300;60.064396;,
   -72.011299;27.004000;67.598801;,
   -71.646400;24.474899;57.635502;,
   -64.004898;30.423201;72.870903;,
   -65.219398;51.245899;42.803299;,
   -68.516899;67.329803;42.641201;,
   -47.890301;58.496101;57.952705;,
   -50.495300;73.306198;55.155602;,
   -51.510799;60.366699;75.598099;,
   -56.426098;75.722504;74.210999;,
   -70.864197;58.469505;82.055397;,
   -72.522202;74.337402;79.464104;,
   -85.085899;54.248604;70.632004;,
   -89.192497;70.157799;68.646797;,
   -84.243500;64.071701;47.582901;,
   -82.636902;47.983501;47.901199;,
   -65.219398;51.245899;42.803299;,
   -68.516899;67.329803;42.641201;,
   -70.864197;58.469505;82.055397;,
   -85.085899;54.248604;70.632004;,
   -51.510799;60.366699;75.598099;,
   -82.636902;47.983501;47.901199;,
   -65.219398;51.245899;42.803299;,
   -47.890301;58.496101;57.952705;,
   -72.522202;74.337402;79.464104;,
   -56.426098;75.722504;74.210999;,
   -89.192497;70.157799;68.646797;,
   -84.243500;64.071701;47.582901;,
   -68.516899;67.329803;42.641201;,
   -50.495300;73.306198;55.155602;,
   -62.963905;39.572701;47.344501;,
   -65.485802;48.709202;46.498299;,
   -49.645699;45.108398;58.594002;,
   -51.284100;55.295105;57.441505;,
   -53.627300;47.283901;74.008904;,
   -55.769497;57.941101;73.430099;,
   -70.782997;55.567604;77.604599;,
   -68.491402;44.319901;78.856499;,
   -81.837196;50.908501;68.750702;,
   -80.943001;39.998199;70.950401;,
   -80.239899;45.444099;50.575802;,
   -77.446999;37.078499;51.005299;,
   -65.485802;48.709202;46.498299;,
   -62.963905;39.572701;47.344501;,
   -68.491402;44.319901;78.856499;,
   -80.943001;39.998199;70.950401;,
   -53.627300;47.283901;74.008904;,
   -77.446999;37.078499;51.005299;,
   -62.963905;39.572701;47.344501;,
   -49.645699;45.108398;58.594002;,
   -70.782997;55.567604;77.604599;,
   -55.769497;57.941101;73.430099;,
   -81.837196;50.908501;68.750702;,
   -80.239899;45.444099;50.575802;,
   -65.485802;48.709202;46.498299;,
   -51.284100;55.295105;57.441505;,
   -59.961800;29.540701;49.276600;,
   -61.679295;37.812801;48.726398;,
   -49.106499;36.032299;58.635803;,
   -50.420502;42.421398;59.263000;,
   -52.033600;35.571701;73.219299;,
   -54.086399;44.744999;73.169502;,
   -65.527298;33.364498;77.903397;,
   -67.393700;42.616798;76.724297;,
   -77.129799;38.662102;68.578102;,
   -77.086403;31.542801;69.516197;,
   -75.803802;34.917702;52.624996;,
   -74.911102;27.445902;52.672401;,
   -59.961800;29.540701;49.276600;,
   -61.679295;37.812801;48.726398;,
   -65.527298;33.364498;77.903397;,
   -77.086403;31.542801;69.516197;,
   -52.033600;35.571701;73.219299;,
   -74.911102;27.445902;52.672401;,
   -59.961800;29.540701;49.276600;,
   -49.106499;36.032299;58.635803;,
   -67.393700;42.616798;76.724297;,
   -54.086399;44.744999;73.169502;,
   -77.129799;38.662102;68.578102;,
   -75.803802;34.917702;52.624996;,
   -61.679295;37.812801;48.726398;,
   -50.420502;42.421398;59.263000;,
   -47.412800;12.610400;88.031898;,
   -52.236801;19.880199;69.855003;,
   -48.807201;16.378700;89.356796;,
   -53.668800;26.552500;72.360497;,
   -55.698795;15.345499;90.068001;,
   -61.872299;26.046801;74.511299;,
   -64.945900;19.606600;73.702202;,
   -58.086796;12.305000;89.614998;,
   -63.514305;12.563300;71.302803;,
   -56.047096;8.023800;87.989197;,
   -56.050701;13.760600;69.323799;,
   -49.977299;9.035670;87.507103;,
   -47.412800;12.610400;88.031898;,
   -52.236801;19.880199;69.855003;,
   -61.872299;26.046801;74.511299;,
   -53.668800;26.552500;72.360497;,
   -64.945900;19.606600;73.702202;,
   -63.514305;12.563300;71.302803;,
   -56.050701;13.760600;69.323799;,
   -52.236801;19.880199;69.855003;,
   -67.838799;37.099998;64.683800;,
   -64.184097;37.275600;66.576698;,
   -67.402901;36.597500;60.544498;,
   -63.546597;36.954601;59.107304;,
   -60.456303;37.549099;61.745899;,
   -60.882805;37.789902;65.471703;,
   -63.546597;36.954601;59.107304;,
   -60.456303;37.549099;61.745899;,
   -59.033695;26.479200;61.556301;,
   -61.593601;24.888901;59.709599;,
   -65.072998;24.166800;61.146900;,
   -67.402901;36.597500;60.544498;,
   -65.755096;25.532301;64.265701;,
   -67.838799;37.099998;64.683800;,
   -58.679699;24.899200;62.070900;,
   -61.113201;23.070000;60.462898;,
   -64.698402;22.874500;61.681797;,
   -65.517303;24.666500;64.463600;,
   -62.324001;25.963499;65.192902;,
   -62.654900;27.273897;65.019096;,
   -64.184097;37.275600;66.576698;,
   -60.882805;37.789902;65.471703;,
   -59.679199;27.871201;64.258301;,
   -60.456303;37.549099;61.745899;,
   -59.033695;26.479200;61.556301;,
   -59.399605;26.545099;64.483597;,
   -58.679699;24.899200;62.070900;,
   -55.578201;20.228701;71.347298;,
   -57.336498;17.239901;70.896500;,
   -58.248901;23.495199;63.135803;,
   -60.575596;21.151100;62.026402;,
   -61.113201;23.070000;60.462898;,
   -58.679699;24.899200;62.070900;,
   -60.711399;17.233101;71.859802;,
   -63.837006;20.691698;63.189499;,
   -64.698402;22.874500;61.681797;,
   -64.791702;22.882698;65.683800;,
   -65.517303;24.666500;64.463600;,
   -62.324001;25.963499;65.192902;,
   -61.727200;24.729300;66.018402;,
   -59.399605;26.545099;64.483597;,
   -61.971802;20.378901;73.052399;,
   -59.403099;22.100403;73.310898;,
   -56.626804;22.925200;72.471497;,
   -58.983501;25.212797;65.287598;,
   -58.679699;24.899200;62.070900;,
   -58.248901;23.495199;63.135803;,
   -55.578201;20.228701;71.347298;,
   -44.263401;-1.800530;82.635399;,
   -42.628399;14.997200;81.585503;,
   -30.284401;0.866350;103.320000;,
   -30.362099;16.291901;106.204002;,
   -30.801003;7.677670;108.765007;,
   -32.465199;-2.538710;104.004997;,
   -44.010601;29.100800;89.826302;,
   -33.995804;19.278700;107.124001;,
   -7.098070;1.679460;115.719002;,
   -0.000000;-0.971802;115.779991;,
   -0.000000;5.823530;123.811996;,
   -5.662700;7.601400;123.295006;,
   -11.458400;13.802901;115.010994;,
   -9.957461;15.900000;120.809998;,
   -8.843870;23.049900;117.819992;,
   -10.079100;22.606199;112.416000;,
   0.000000;11.967500;125.452003;,
   -3.141910;12.930801;125.169998;,
   -5.514100;17.487101;123.436989;,
   5.662700;7.601400;123.295006;,
   3.141910;12.930801;125.169998;,
   0.000000;18.190203;125.138992;,
   -4.867110;23.849003;120.176003;,
   7.098070;1.679460;115.719002;,
   11.458400;13.802901;115.010994;,
   9.957461;15.900000;120.809998;,
   5.514100;17.487101;123.436989;,
   -0.000000;-0.971802;115.779991;,
   4.867110;23.849003;120.176003;,
   8.843870;23.049900;117.819992;,
   6.879500;25.968500;116.955009;,
   4.616170;26.320400;118.267998;,
   0.000000;25.731600;121.271004;,
   10.079100;22.606199;112.416000;,
   7.002780;25.951799;114.400002;,
   4.931380;27.692900;115.778000;,
   2.418300;27.545403;116.797989;,
   4.934060;27.186899;112.905998;,
   2.352190;27.426498;113.968002;,
   0.000000;27.676300;116.564003;,
   -2.418300;27.545403;116.797989;,
   -4.616170;26.320400;118.267998;,
   4.840550;25.827299;105.925003;,
   0.000000;27.216702;110.188004;,
   -2.352190;27.426498;113.968002;,
   -4.931380;27.798401;115.745995;,
   -6.879500;25.968500;116.955009;,
   0.000000;26.608700;105.594002;,
   -4.840550;25.827299;105.925003;,
   -4.934050;27.186899;112.905998;,
   -7.002780;25.951799;114.400002;,
   -3.134170;9.663840;96.816299;,
   -3.832910;12.084900;106.388000;,
   -3.140330;14.930200;95.607903;,
   0.000000;10.463000;106.773003;,
   -7.098070;1.679460;115.719002;,
   -11.458400;13.802901;115.010994;,
   -3.839070;17.210400;105.021004;,
   0.000000;18.896200;104.557999;,
   0.000000;16.604000;95.220497;,
   0.000000;8.123800;97.166199;,
   3.134170;9.663840;96.816299;,
   3.832910;12.084900;106.388000;,
   7.098070;1.679460;115.719002;,
   -0.000000;-0.971802;115.779991;,
   3.140330;14.930200;95.607903;,
   3.839070;17.210400;105.021004;,
   11.458400;13.802901;115.010994;,
   4.840550;25.827299;105.925003;,
   10.079100;22.606199;112.416000;,
   0.000000;26.608700;105.594002;,
   -4.840550;25.827299;105.925003;,
   -10.079100;22.606199;112.416000;,
   0.000000;8.123800;97.166199;,
   0.000000;5.254730;87.941399;,
   3.136210;6.830810;87.498398;,
   -3.136210;6.830810;87.498398;,
   -3.134170;9.663840;96.816299;,
   -3.142380;12.032601;86.036499;,
   -3.140330;14.930200;95.607903;,
   0.000000;13.630901;85.587502;,
   3.134170;9.663840;96.816299;,
   3.142380;12.032601;86.036499;,
   3.140330;14.930200;95.607903;,
   0.000000;16.604000;95.220497;,
   49.008400;99.916801;55.839802;,
   48.530899;98.744698;42.472401;,
   63.528095;106.290001;41.586899;,
   63.970299;107.294998;55.010201;,
   65.274498;106.244003;54.725403;,
   65.063301;105.708000;41.724098;,
   57.504902;101.540001;41.784000;,
   57.775700;102.484001;55.818401;,
   48.447601;105.946999;54.678699;,
   49.008400;99.916801;55.839802;,
   63.970299;107.294998;55.010201;,
   62.304104;111.936996;53.615002;,
   48.294701;104.704002;40.213402;,
   62.155998;110.787010;39.831299;,
   63.528095;106.290001;41.586899;,
   48.530899;98.744698;42.472401;,
   63.244801;110.440002;47.972401;,
   63.528095;106.290001;41.586899;,
   66.440697;110.059998;47.905399;,
   65.063301;105.708000;41.724098;,
   68.596603;107.384995;48.075298;,
   70.787598;107.734001;41.766201;,
   63.970299;107.294998;55.010201;,
   65.274498;106.244003;54.725403;,
   70.939201;107.861008;53.734402;,
   57.504902;101.540001;41.784000;,
   65.063301;105.708000;41.724098;,
   72.361702;95.889999;46.471199;,
   65.274498;106.244003;54.725403;,
   72.626602;96.836098;56.795200;,
   57.775700;102.484001;55.818401;,
   48.020401;100.050003;72.693802;,
   47.518299;98.809898;59.176601;,
   65.066902;108.384003;58.707596;,
   65.487297;109.368996;71.660301;,
   65.593903;107.510002;59.015900;,
   65.752197;108.396004;71.568001;,
   58.119698;104.011002;72.303902;,
