xof 0303txt 0032
template VertexDuplicationIndices {
 <b8d65549-d7c9-4995-89cf-53a9a8b031e3>
 DWORD nIndices;
 DWORD nOriginalVertices;
 array DWORD indices[nIndices];
}

template EffectParamDWord {
 <e13963bc-ae51-4c5d-b00f-cfa3a9d97ce5>
 STRING ParamName;
 DWORD Value;
}

template FVFData {
 <b6e70a0e-8ef9-4e83-94ad-ecc8b0c04897>
 DWORD dwFVF;
 DWORD nDWords;
 array DWORD data[nDWords];
}

template EffectFloats {
 <f1cfe2b3-0de3-4e28-afa1-155a750a282d>
 DWORD nFloats;
 array FLOAT Floats[nFloats];
}

template EffectString {
 <d55b097e-bdb6-4c52-b03d-6051c89d0e42>
 STRING Value;
}

template EffectDWord {
 <622c0ed0-956e-4da9-908a-2af94f3ce716>
 DWORD Value;
}

template EffectInstance {
 <e331f7e4-0559-4cc2-8e99-1cec1657928f>
 STRING EffectFilename;
 [...]
}

template AnimTicksPerSecond {
 <9e415a43-7ba6-4a73-8743-b73d47e88476>
 DWORD AnimTicksPerSecond;
}

template VertexElement {
 <f752461c-1e23-48f6-b9f8-8350850f336f>
 DWORD Type;
 DWORD Method;
 DWORD Usage;
 DWORD UsageIndex;
}

template DeclData {
 <bf22e553-292c-4781-9fea-62bd554bdd93>
 DWORD nElements;
 array VertexElement Elements[nElements];
 DWORD nDWords;
 array DWORD data[nDWords];
}

template EffectParamFloats {
 <3014b9a0-62f5-478c-9b86-e4ac9f4e418b>
 STRING ParamName;
 DWORD nFloats;
 array FLOAT Floats[nFloats];
}

template EffectParamString {
 <1dbc4c88-94c1-46ee-9076-2c28818c9481>
 STRING ParamName;
 STRING Value;
}


AnimTicksPerSecond {
 4800;
}

Frame {
 

 FrameTransformMatrix {
  1.000000,0.000000,0.000000,0.000000,0.000000,1.000000,0.000000,0.000000,0.000000,0.000000,1.000000,0.000000,0.000000,0.000000,0.000000,1.000000;;
 }

 Frame Armature {
  

  FrameTransformMatrix {
   39.370079,0.000000,-0.000000,0.000000,-0.000000,0.000002,-39.370075,0.000000,0.000000,39.370075,0.000002,0.000000,0.000000,0.000000,0.000000,1.000000;;
  }

  Frame Weapon {
   

   FrameTransformMatrix {
    -0.893851,-0.218594,-0.391469,0.000000,-0.332972,0.908342,0.253072,0.000000,0.300268,0.356556,-0.884707,0.000000,38.993988,-21.981527,94.507233,1.000000;;
   }
  }

  Frame Root {
   

   FrameTransformMatrix {
    0.973268,-0.229669,-0.000934,0.000000,0.229396,0.972294,-0.044959,0.000000,0.011234,0.043542,0.998988,0.000000,0.027624,7.591958,119.048088,1.000000;;
   }

   Frame Spine {
    

    FrameTransformMatrix {
     0.999697,0.024583,0.000912,0.000000,-0.024594,0.997949,0.059093,0.000000,0.000543,-0.059098,0.998252,0.000000,0.000000,-3.580000,8.214203,1.000000;;
    }

    Frame Chest {
     

     FrameTransformMatrix {
      0.999782,0.020849,0.000948,0.000000,-0.020870,0.998522,0.050191,0.000000,0.000099,-0.050200,0.998739,0.000000,-0.000000,-3.506948,17.220711,1.000000;;
     }

     Frame R_Cape_1 {
      

      FrameTransformMatrix {
       0.010996,0.000363,-0.999939,0.000000,-0.901272,-0.433136,-0.010068,0.000000,-0.433113,0.901328,-0.004435,0.000000,21.198061,-27.659027,18.169477,1.000000;;
      }

      Frame R_Cape_2 {
       

       FrameTransformMatrix {
        0.992560,-0.015958,-0.120704,0.000000,0.016583,0.999854,0.004175,0.000000,0.120619,-0.006146,0.992680,0.000000,28.801600,0.000027,0.000000,1.000000;;
       }

       Frame R_Cape_3 {
        

        FrameTransformMatrix {
         0.998363,0.018564,-0.054107,0.000000,-0.018229,0.999812,0.006683,0.000000,0.054221,-0.005686,0.998513,0.000000,29.090403,-0.000107,-0.000076,1.000000;;
        }

        Frame R_Cape_4 {
         

         FrameTransformMatrix {
          0.980374,0.054257,-0.189534,0.000000,-0.052293,0.998514,0.015355,0.000000,0.190086,-0.005142,0.981754,0.000000,39.375107,0.000114,0.000023,1.000000;;
         }
        }
       }
      }
     }

     Frame R_Shoulder {
      

      FrameTransformMatrix {
       0.883589,0.370691,-0.286106,0.000000,0.390703,-0.920409,0.014098,0.000000,-0.258110,-0.124239,-0.958096,0.000000,3.588219,-1.039738,24.980181,1.000000;;
      }

      Frame R_UpArm {
       

       FrameTransformMatrix {
        0.546475,0.466410,0.695577,0.000000,-0.155244,0.872586,-0.463134,0.000000,-0.822960,0.145107,0.549254,0.000000,16.272114,12.087120,-0.724243,1.000000;;
       }

       Frame R_ForeArm {
        

        FrameTransformMatrix {
         0.914556,-0.404460,-0.000000,0.000000,0.404460,0.914556,0.000000,0.000000,0.000000,-0.000000,1.000000,0.000000,40.609882,-0.000759,0.000038,1.000000;;
        }

        Frame R_Hand {
         

         FrameTransformMatrix {
          0.826164,0.473063,0.306047,0.000000,-0.558742,0.617964,0.553107,0.000000,0.072529,-0.627958,0.774860,0.000000,29.930161,-0.000473,0.000320,1.000000;;
         }

         Frame R_Pinky_1 {
          

          FrameTransformMatrix {
           0.387618,0.299549,0.871793,0.000000,-0.656608,0.753508,0.033036,0.000000,-0.647007,-0.585231,0.488760,0.000000,14.204498,6.605651,1.943241,1.000000;;
          }

          Frame R_Pinky_2 {
           

           FrameTransformMatrix {
            0.758104,0.000002,0.652134,0.000000,-0.000002,1.000000,-0.000001,0.000000,-0.652134,-0.000001,0.758104,0.000000,4.709900,-0.000061,-0.000121,1.000000;;
           }
          }
         }

         Frame R_Ring_1 {
          

          FrameTransformMatrix {
           0.627060,0.181387,0.757558,0.000000,-0.340154,0.938652,0.056811,0.000000,-0.700779,-0.293310,0.650291,0.000000,16.364929,2.844666,1.757568,1.000000;;
          }

          Frame R_Ring_2 {
           

           FrameTransformMatrix {
            0.758104,0.000002,0.652134,0.000000,-0.000002,1.000000,-0.000001,0.000000,-0.652134,-0.000001,0.758104,0.000000,6.751648,-0.000122,-0.000214,1.000000;;
           }
          }
         }

         Frame R_Middle_1 {
          

          FrameTransformMatrix {
           0.731080,0.115660,0.672418,0.000000,0.056420,0.971904,-0.228516,0.000000,-0.679955,0.205001,0.704014,0.000000,17.746643,-2.248505,1.046909,1.000000;;
          }

          Frame R_Middle_2 {
           

           FrameTransformMatrix {
            0.758104,0.000000,0.652134,0.000000,-0.000000,1.000000,0.000000,0.000000,-0.652134,-0.000000,0.758104,0.000000,7.277314,-0.000153,-0.000015,1.000000;;
           }
          }
         }

         Frame R_Index_1 {
          

          FrameTransformMatrix {
           0.944937,-0.045972,0.324007,0.000000,0.076948,0.993537,-0.083443,0.000000,-0.318077,0.103780,0.942367,0.000000,17.002899,-6.862793,2.411411,1.000000;;
          }

          Frame R_Index_2 {
           

           FrameTransformMatrix {
            1.000000,-0.000002,-0.000000,0.000000,0.000002,1.000001,0.000000,0.000000,0.000000,-0.000000,0.999999,0.000000,6.584595,0.000031,0.000267,1.000000;;
           }
          }
         }

         Frame R_Thumb_1 {
          

          FrameTransformMatrix {
           0.499690,-0.192742,0.844488,0.000000,0.194454,-0.925085,-0.326197,0.000000,0.844096,0.327211,-0.424776,0.000000,5.296937,-5.463838,4.318390,1.000000;;
          }

          Frame R_Thumb_2 {
           

           FrameTransformMatrix {
            0.998585,-0.011154,0.051982,0.000000,0.026836,0.949789,-0.311739,0.000000,-0.045895,0.312693,0.948745,0.000000,8.644188,0.000031,-0.000068,1.000000;;
           }
          }
         }
        }
       }
      }

      Frame R_Scapulapad {
       

       FrameTransformMatrix {
        0.840357,0.418490,-0.344479,0.000000,-0.439293,0.898133,0.019441,0.000000,0.317524,0.134990,0.938593,0.000000,-1.341766,31.507124,-4.413022,1.000000;;
       }
      }

      Frame R_Shoulderpad {
       

       FrameTransformMatrix {
        0.942057,0.335037,0.016720,0.000000,-0.298329,0.859548,-0.414941,0.000000,-0.153392,0.385910,0.909694,0.000000,30.711094,15.497333,-4.993701,1.000000;;
       }
      }
     }

     Frame C_Cape_1 {
      

      FrameTransformMatrix {
       0.053422,-0.003964,0.998564,0.000000,-0.979268,-0.195881,0.051612,0.000000,0.195396,-0.980619,-0.014346,0.000000,0.036208,-32.066704,15.289930,1.000000;;
      }

      Frame C_Cape_2 {
       

       FrameTransformMatrix {
        0.993731,-0.003018,-0.111755,0.000000,0.001149,0.999858,-0.016785,0.000000,0.111789,0.016552,0.993594,0.000000,-28.801395,0.000000,-0.000015,1.000000;;
       }

       Frame C_Cape_3 {
        

        FrameTransformMatrix {
         0.999919,-0.003029,-0.012328,0.000000,0.002951,0.999976,-0.006322,0.000000,0.012347,0.006285,0.999904,0.000000,-33.204197,-0.000002,0.000015,1.000000;;
        }

        Frame C_Cape_4 {
         

         FrameTransformMatrix {
          0.998297,-0.001448,-0.058324,0.000000,0.001016,0.999972,-0.007432,0.000000,0.058333,0.007360,0.998271,0.000000,-38.053116,-0.000002,0.000031,1.000000;;
         }
        }
       }
      }
     }

     Frame L_Cape_1 {
      

      FrameTransformMatrix {
       0.147322,0.032050,0.988569,0.000000,-0.987687,0.057955,0.145311,0.000000,-0.052636,-0.997805,0.040193,0.000000,-21.152216,-27.710428,18.170212,1.000000;;
      }

      Frame L_Cape_2 {
       

       FrameTransformMatrix {
        0.999910,-0.000337,-0.013410,0.000000,0.000361,0.999998,0.001838,0.000000,0.013410,-0.001842,0.999908,0.000000,-28.801397,-0.000002,-0.000008,1.000000;;
       }

       Frame L_Cape_3 {
        

        FrameTransformMatrix {
         0.999244,0.004217,-0.038650,0.000000,-0.004601,0.999941,-0.009831,0.000000,0.038606,0.010002,0.999204,0.000000,-29.091110,-0.000004,0.000000,1.000000;;
        }

        Frame L_Cape_4 {
         

         FrameTransformMatrix {
          0.996792,0.014711,-0.078675,0.000000,-0.015672,0.999810,-0.011615,0.000000,0.078490,0.012811,0.996833,0.000000,-39.374893,0.000004,-0.000015,1.000000;;
         }
        }
       }
      }
     }

     Frame L_Shoulder {
      

      FrameTransformMatrix {
       1.000000,0.000000,0.000000,0.000000,0.000000,1.000000,0.000000,0.000000,0.000000,0.000000,1.000000,0.000000,-3.535675,-0.729974,24.954422,1.000000;;
      }

      Frame L_UpArm {
       

       FrameTransformMatrix {
        0.501007,0.405965,0.764320,0.000000,-0.114095,0.906429,-0.406657,0.000000,-0.857889,0.116533,0.500445,0.000000,-19.812498,-4.283646,0.723633,1.000000;;
       }

       Frame L_ForeArm {
        

        FrameTransformMatrix {
         0.832502,-0.554023,-0.000000,0.000000,0.554023,0.832502,0.000000,0.000000,0.000000,-0.000000,1.000000,0.000000,-40.633682,-0.000002,-0.000004,1.000000;;
        }

        Frame L_Hand {
         

         FrameTransformMatrix {
          0.964099,0.023845,0.264471,0.000000,-0.114719,0.935623,0.333839,0.000000,-0.239485,-0.352193,0.904769,0.000000,-29.930460,-0.000001,0.000000,1.000000;;
         }

         Frame L_Pinky_1 {
          

          FrameTransformMatrix {
           0.837123,0.490958,0.241215,0.000000,-0.517305,0.853878,0.057333,0.000000,-0.177820,-0.172777,0.968777,0.000000,-14.204224,-6.605896,-1.943085,1.000000;;
          }

          Frame L_Pinky_2 {
           

           FrameTransformMatrix {
            1.000000,0.000000,-0.000002,0.000000,0.000000,1.000000,0.000000,0.000000,0.000002,0.000000,1.000001,0.000000,-4.576111,0.000015,0.000062,1.000000;;
           }
          }
         }

         Frame L_Ring_1 {
          

          FrameTransformMatrix {
           0.966102,0.225027,0.126526,0.000000,-0.219850,0.974056,-0.053675,0.000000,-0.135322,0.024039,0.990510,0.000000,-16.364685,-2.844941,-1.757507,1.000000;;
          }

          Frame L_Ring_2 {
           

           FrameTransformMatrix {
            1.000000,0.000000,0.000000,0.000000,0.000000,1.000000,0.000000,0.000000,0.000000,0.000000,1.000000,0.000000,-6.647476,0.000031,-0.256958,1.000000;;
           }
          }
         }

         Frame L_Middle_1 {
          

          FrameTransformMatrix {
           0.967982,0.002819,0.251002,0.000000,0.056424,0.971905,-0.228511,0.000000,-0.244594,0.235357,0.940628,0.000000,-17.746796,2.248169,-1.047089,1.000000;;
          }

          Frame L_Middle_2 {
           

           FrameTransformMatrix {
            1.000000,0.000000,0.000000,0.000000,0.000000,1.000000,0.000000,0.000000,0.000000,0.000000,1.000001,0.000000,-7.756234,0.000000,0.000001,1.000000;;
           }
          }
         }

         Frame L_Index_1 {
          

          FrameTransformMatrix {
           0.886882,-0.200220,0.416356,0.000000,0.373197,0.841713,-0.390182,0.000000,-0.272330,0.501428,0.821222,0.000000,-17.003113,6.862548,-2.411407,1.000000;;
          }

          Frame L_Index_2 {
           

           FrameTransformMatrix {
            1.000000,0.000000,0.000000,0.000000,0.000000,1.000001,0.000000,0.000000,0.000000,0.000000,1.000000,0.000000,-7.198444,0.000001,0.000060,1.000000;;
           }
          }
         }

         Frame L_Thumb_1 {
          

          FrameTransformMatrix {
           0.678804,-0.278627,0.679406,0.000000,0.197082,-0.822148,-0.534073,0.000000,0.707379,0.496428,-0.503164,0.000000,-5.297150,5.463714,-4.318542,1.000000;;
          }

          Frame L_Thumb_2 {
           

           FrameTransformMatrix {
            1.000000,0.000000,0.000000,0.000000,0.000000,1.000000,0.000000,0.000000,0.000000,0.000000,1.000000,0.000000,-8.951027,-0.000015,0.000001,1.000000;;
           }
          }
         }
        }
       }
      }

      Frame L_Scapulapad {
       

       FrameTransformMatrix {
        0.981291,0.129962,-0.142050,0.000000,-0.143312,0.985744,-0.088149,0.000000,0.128569,0.106858,0.985927,0.000000,-11.768036,-29.837646,1.290282,1.000000;;
       }
      }

      Frame L_Shoulderpad {
       

       FrameTransformMatrix {
        0.949067,0.293907,0.113538,0.000000,-0.234965,0.900289,-0.366431,0.000000,-0.209913,0.321090,0.923492,0.000000,-34.496292,-7.764953,3.697521,1.000000;;
       }
      }
     }

     Frame Backpack_Bot {
      

      FrameTransformMatrix {
       0.999290,0.001219,-0.037666,0.000000,0.006640,0.978146,0.207813,0.000000,0.037096,-0.207916,0.977443,0.000000,0.671272,-32.111034,37.414864,1.000000;;
      }
     }

     Frame Head {
      

      FrameTransformMatrix {
       0.989426,0.105414,-0.099617,0.000000,-0.087372,0.981435,0.170737,0.000000,0.115766,-0.160228,0.980268,0.000000,1.087018,1.107758,40.180332,1.000000;;
      }

      Frame Jaw {
       

       FrameTransformMatrix {
        -1.000000,0.000000,-0.000000,0.000000,0.000000,-1.000000,0.000000,0.000000,0.000000,-0.000000,1.000000,0.000000,0.000006,5.501450,3.381775,1.000000;;
       }
      }

      Frame C_BuffBone_Glb_Head_Loc {
       

       FrameTransformMatrix {
        1.000000,0.000000,0.000000,0.000000,0.000000,1.000000,0.000000,0.000000,0.000000,0.000000,1.000000,0.000000,0.000002,8.278138,8.130127,1.000000;;
       }
      }
     }
    }
   }

   Frame Pelvis {
    

    FrameTransformMatrix {
     0.974776,0.222981,0.009548,0.000000,-0.223183,0.973706,0.045675,0.000000,0.000888,-0.046654,0.998911,0.000000,1.894008,-8.049565,-2.204458,1.000000;;
    }

    Frame R_Hip {
     

     FrameTransformMatrix {
      0.135804,-0.083039,-0.987249,0.000000,0.730007,-0.665308,0.156378,0.000000,-0.669811,-0.741936,-0.029732,0.000000,13.288299,-1.464891,-6.665588,1.000000;;
     }

     Frame R_Knee {
      

      FrameTransformMatrix {
       0.900161,0.000000,0.435558,0.000000,-0.000000,1.000000,0.000000,0.000000,-0.435558,-0.000000,0.900161,0.000000,48.853912,-0.000038,0.000010,1.000000;;
      }

      Frame R_Foot {
       

       FrameTransformMatrix {
        0.954284,-0.099085,-0.282000,0.000000,0.076532,0.993004,-0.089925,0.000000,0.288937,0.064232,0.955191,0.000000,50.606216,0.000038,0.000021,1.000000;;
       }

       Frame R_Toe {
        

        FrameTransformMatrix {
         0.998611,0.044863,0.027659,0.000000,-0.047292,0.994396,0.094562,0.000000,-0.023262,-0.095739,0.995136,0.000000,8.607018,2.045940,-17.209808,1.000000;;
        }
       }
      }
     }
    }

    Frame front_cloth_1 {
     

     FrameTransformMatrix {
      -0.049552,-0.161966,0.985551,0.000000,0.987290,-0.157131,0.023817,0.000000,0.151003,0.974206,0.167694,0.000000,-0.000004,15.312704,-4.078309,1.000000;;
     }

     Frame front_cloth_2 {
      

      FrameTransformMatrix {
       0.984687,0.043831,0.168730,0.000000,-0.044469,0.999011,-0.000000,0.000000,-0.168563,-0.007503,0.985662,0.000000,-13.365692,0.000031,0.000000,1.000000;;
      }

      Frame front_cloth_3 {
       

       FrameTransformMatrix {
        0.999884,0.000000,0.015244,0.000000,-0.000000,1.000000,0.000000,0.000000,-0.015244,-0.000000,0.999884,0.000000,-18.344727,0.000000,0.000008,1.000000;;
       }

       Frame front_cloth_4 {
        

        FrameTransformMatrix {
         0.999867,0.000000,0.016317,0.000000,-0.000000,1.000000,0.000000,0.000000,-0.016317,-0.000000,0.999867,0.000000,-19.812164,-0.000000,0.000015,1.000000;;
        }

        Frame front_cloth_5 {
         

         FrameTransformMatrix {
          1.000000,0.000000,0.000000,0.000000,0.000000,1.000000,0.000000,0.000000,0.000000,0.000000,1.000000,0.000000,-18.945068,-0.000015,-0.000015,1.000000;;
         }
        }
       }
      }
     }
    }

    Frame L_Hip {
     

     FrameTransformMatrix {
      0.281651,-0.301968,0.910762,0.000000,0.942127,0.266926,-0.202850,0.000000,-0.181851,0.915186,0.359672,0.000000,-13.288299,-1.464905,-6.666015,1.000000;;
     }

     Frame L_Knee {
      

      FrameTransformMatrix {
       0.910812,0.000000,0.412822,0.000000,-0.000000,1.000000,0.000000,0.000000,-0.412822,-0.000000,0.910812,0.000000,-48.853401,0.000011,-0.000023,1.000000;;
      }

      Frame L_Foot {
       

       FrameTransformMatrix {
        0.993172,-0.075583,0.088862,0.000000,0.088382,0.984686,-0.150275,0.000000,-0.076143,0.157103,0.984643,0.000000,-50.606094,-0.000004,-0.000015,1.000000;;
       }

       Frame L_Toe {
        

        FrameTransformMatrix {
         1.000000,0.000000,0.000004,0.000000,-0.000000,1.000000,0.000000,0.000000,-0.000004,-0.000000,1.000001,0.000000,-8.210877,-0.000011,17.522003,1.000000;;
        }
       }
      }
     }
    }
   }
  }
 }

 Frame Model {
  

  FrameTransformMatrix {
   39.370075,-0.000000,-0.000003,0.000000,-0.000003,-0.000006,-39.370079,0.000000,0.000000,39.370079,-0.000006,0.000000,0.000006,0.000009,0.000005,1.000000;;
  }

  Mesh Model {
   6789;
   7.449190;2.273950;38.448395;,
   6.946550;2.224390;34.550797;,
   7.694490;2.943380;36.452595;,
   7.561740;1.091940;37.636997;,
   7.415290;-0.388086;36.668797;,
   3.624820;-0.388062;24.295998;,
   2.563140;2.175070;24.295998;,
   0.000000;5.105660;32.741596;,
   0.000000;8.524390;36.581196;,
   6.752620;5.749240;40.553196;,
   7.630980;3.553590;38.821297;,
   8.105400;2.979270;38.881695;,
   7.281190;2.330180;41.810295;,
   7.710660;1.813260;39.115597;,
   7.767080;1.100070;39.490498;,
   7.622230;0.104126;38.282597;,
   7.552140;4.058590;42.648994;,
   8.278120;3.179710;42.741398;,
   7.894630;2.300460;43.578896;,
   7.737240;1.248540;42.791195;,
   7.872530;0.970923;41.078697;,
   6.752620;6.644020;44.323097;,
   7.552150;3.890480;44.792496;,
   6.752620;9.776879;44.532196;,
   7.552150;7.760570;47.947296;,
   8.362920;6.502709;46.314796;,
   8.362910;4.929030;47.695198;,
   7.552140;1.728830;45.901096;,
   0.000000;13.311199;39.157394;,
   6.752620;16.436298;45.467495;,
   6.752620;16.331198;48.869892;,
   -6.752610;5.749240;40.553196;,
   -6.752610;9.776879;44.532196;,
   -6.752610;16.436298;45.467495;,
   0.000000;16.453598;39.256596;,
   -6.946550;2.224390;34.550797;,
   -7.630980;3.553590;38.821297;,
   -7.552150;4.058590;42.648994;,
   -6.752610;6.644020;44.323097;,
   -2.563140;2.175070;24.295998;,
   -3.624820;-0.388062;24.295998;,
   -7.415280;-0.388086;36.668797;,
   -7.561740;1.091940;37.636997;,
   -7.449190;2.273950;38.448395;,
   -7.694480;2.943380;36.452595;,
   0.000000;3.236740;24.295998;,
   6.550770;6.153200;50.773994;,
   7.552140;3.821650;48.456898;,
   6.752620;16.237198;52.412495;,
   6.550770;8.093870;54.974194;,
   8.537840;6.319019;52.945797;,
   8.537840;2.996580;48.537994;,
   6.752620;23.956598;48.024395;,
   6.752620;25.196098;52.603798;,
   6.752620;22.064198;58.309895;,
   6.752620;15.538299;56.256802;,
   6.752620;22.951399;44.428497;,
   6.752620;27.989597;40.717896;,
   6.752620;31.833200;43.469296;,
   0.000000;19.997198;38.881596;,
   0.000000;23.081598;37.562195;,
   0.000000;26.557697;33.711098;,
   6.752620;31.162699;36.315395;,
   6.752620;33.919395;37.306496;,
   -6.752610;22.951399;44.428497;,
   -6.752610;27.989597;40.717896;,
   -6.752610;23.956598;48.024395;,
   -6.752610;31.833200;43.469296;,
   -6.752610;33.919395;37.306496;,
   -6.752610;31.162699;36.315395;,
   -6.752610;16.331198;48.869892;,
   -6.752610;16.237198;52.412495;,
   -6.752610;25.196098;52.603798;,
   -6.752610;37.490795;45.269997;,
   -7.552150;7.760570;47.947296;,
   -6.550770;6.153200;50.773994;,
   -6.550770;8.093870;54.974194;,
   -6.752610;15.538299;56.256802;,
   -6.752610;22.064198;58.309895;,
   -8.362920;6.502709;46.314796;,
   -8.362920;4.929030;47.695198;,
   -7.552150;3.821650;48.456898;,
   -8.537830;2.996580;48.537994;,
   -8.537830;6.319019;52.945797;,
   -7.552150;3.890480;44.792496;,
   -7.552150;1.728830;45.901096;,
   -7.552150;0.363574;46.941597;,
   -7.552150;1.732720;49.679897;,
   -7.552150;4.903030;54.239899;,
   -7.894630;2.300460;43.578896;,
   -8.060770;1.275370;44.452698;,
   -8.024270;-0.388086;45.846195;,
   -7.698390;-0.388086;47.368095;,
   -8.278120;3.179710;42.741398;,
   -7.281190;2.330180;41.810295;,
   -7.737230;1.248540;42.791195;,
   -8.114839;-0.388086;42.161697;,
   -8.105400;2.979270;38.881695;,
   -7.710660;1.813260;39.115597;,
   -7.872530;0.970923;41.078697;,
   -7.767080;1.100070;39.490498;,
   -7.835280;0.582105;39.636196;,
   -7.604600;0.048779;39.788197;,
   -8.137500;-0.388086;41.094097;,
   -7.622240;0.104126;38.282597;,
   -7.622240;-0.880298;38.282597;,
   -7.604600;-0.824951;39.788197;,
   -7.872530;-1.747090;41.078697;,
   -7.737230;-2.024730;42.791195;,
   -8.060770;-2.051540;44.452698;,
   -7.552150;-2.505000;45.901096;,
   -7.552150;-1.139750;46.941597;,
   -7.281190;-3.106370;41.810295;,
   -7.894630;-3.076640;43.578896;,
   -7.710660;-2.589430;39.115597;,
   -7.449190;-3.050120;38.448395;,
   -8.105400;-3.755440;38.881695;,
   -8.278120;-3.955880;42.741398;,
   -7.767080;-1.876250;39.490498;,
   -7.561740;-1.868140;37.636997;,
   -6.946550;-3.000560;34.550797;,
   -7.694480;-3.719560;36.452595;,
   -7.835280;-1.358280;39.636196;,
   -2.563140;-2.951200;24.295998;,
   -0.000000;-5.881810;32.741596;,
   -0.000000;-8.146119;38.043495;,
   -6.752610;-6.525420;40.553196;,
   -7.630980;-4.329790;38.821297;,
   -0.000000;-4.012889;24.295998;,
   2.563140;-2.951200;24.295998;,
   6.946550;-3.000560;34.550797;,
   6.752620;-6.525420;40.553196;,
   -0.000000;-11.393599;42.620697;,
   7.561740;-1.868140;37.636997;,
   7.449190;-3.050120;38.448395;,
   7.694490;-3.719560;36.452595;,
   8.105400;-3.755440;38.881695;,
   7.630980;-4.329790;38.821297;,
   7.622230;-0.880298;38.282597;,
   7.767080;-1.876250;39.490498;,
   7.710660;-2.589430;39.115597;,
   7.281190;-3.106370;41.810295;,
   8.137510;-0.388086;41.094097;,
   7.604600;-0.824951;39.788197;,
   7.835280;-1.358280;39.636196;,
   7.872530;-1.747090;41.078697;,
   7.604600;0.048779;39.788197;,
   8.114839;-0.388086;42.161697;,
   7.835280;0.582105;39.636196;,
   8.060770;1.275370;44.452698;,
   8.024270;-0.388086;45.846195;,
   8.060770;-2.051540;44.452698;,
   7.737240;-2.024730;42.791195;,
   7.552140;0.363574;46.941597;,
   7.698390;-0.388086;47.368095;,
   7.552140;-1.139750;46.941597;,
   7.552140;-2.505000;45.901096;,
   7.894630;-3.076640;43.578896;,
   7.552140;1.732720;49.679897;,
   8.469280;-0.388086;50.360897;,
   7.552140;-2.508890;49.679897;,
   8.537840;-3.772750;48.537994;,
   7.552140;4.903030;54.239899;,
   8.657430;2.785180;54.728397;,
   9.069230;-0.388086;55.472595;,
   8.657430;-3.561350;54.728397;,
   6.752620;3.978590;57.223900;,
   8.196580;0.825708;56.445892;,
   6.752620;-0.388086;59.281498;,
   8.196580;-1.601880;56.445892;,
   6.752620;5.708789;60.160698;,
   6.752620;-0.388086;61.937496;,
   6.752620;1.044070;59.064594;,
   6.752620;-1.820240;59.064594;,
   6.752620;-4.754759;57.223900;,
   6.752620;10.497399;57.858101;,
   3.507960;9.875269;60.477291;,
   3.507960;6.386890;62.069695;,
   3.475190;1.572580;64.517693;,
   6.752620;14.017499;58.157291;,
   3.507960;12.694998;61.322296;,
   0.000000;9.202658;63.309093;,
   0.000000;6.617360;63.128296;,
   0.000000;3.093020;65.360695;,
   6.752620;18.409597;61.187992;,
   3.507960;15.867499;63.793594;,
   0.000000;11.767899;64.241394;,
   6.752620;21.364298;65.166290;,
   3.507960;18.924198;67.775391;,
   0.000000;13.977998;66.107895;,
   -3.507960;15.867499;63.793594;,
   -3.507960;12.694998;61.322296;,
   6.752620;25.460697;61.676495;,
   5.593690;28.342197;73.100494;,
   5.147690;26.104597;73.892593;,
   2.873110;23.331799;75.520096;,
   0.000000;16.522598;70.596191;,
   6.752620;32.925594;59.937496;,
   5.424570;29.843098;72.633995;,
   4.030260;32.329796;82.084496;,
   4.213320;30.595695;82.851891;,
   2.794460;28.686998;82.590691;,
   6.752620;37.490795;45.269997;,
   5.782730;36.394596;60.047195;,
   4.903090;33.417698;72.713295;,
   6.752620;37.419994;36.517998;,
   5.401640;41.818695;36.229195;,
   5.599700;42.093494;46.044296;,
   0.000000;51.376396;61.501396;,
   0.000000;44.655197;76.049789;,
   5.126390;34.836697;27.708899;,
   3.883150;38.412495;25.874498;,
   0.000000;48.153095;25.021698;,
   0.000000;52.211197;35.338898;,
   0.000000;54.693295;47.433697;,
   5.082840;31.740801;26.959398;,
   0.000000;29.757998;13.458598;,
   2.602200;33.631596;13.211798;,
   0.000000;39.725796;10.741298;,
   0.000000;28.736797;27.085098;,
   -5.082840;31.740801;26.959398;,
   -5.126390;34.836697;27.708899;,
   -2.602200;33.631596;13.211798;,
   -1.049850;29.887197;1.258920;,
   0.000000;25.556398;1.107290;,
   1.049850;29.887197;1.258920;,
   -6.752610;37.419994;36.517998;,
   -5.401650;41.818695;36.229195;,
   -3.883150;38.412495;25.874498;,
   -5.599690;42.093494;46.044296;,
   -5.782730;36.394596;60.047195;,
   -6.752610;32.925594;59.937496;,
   -4.903090;33.417698;72.713295;,
   -6.752610;25.460697;61.676495;,
   -5.424570;29.843098;72.633995;,
   -4.030250;32.329796;82.084496;,
   -3.956910;34.525597;81.988190;,
   -6.752610;21.364298;65.166290;,
   -5.593690;28.342197;73.100494;,
   -6.752610;18.409597;61.187992;,
   -3.507960;18.924198;67.775391;,
   -5.147690;26.104597;73.892593;,
   -4.213320;30.595695;82.851891;,
   -6.752610;14.017499;58.157291;,
   -6.752610;10.497399;57.858101;,
   -3.507960;9.875269;60.477291;,
   -3.507960;6.386890;62.069695;,
   -6.752610;5.708789;60.160698;,
   -3.475200;1.572580;64.517693;,
   -0.000000;-0.388062;70.352791;,
   -6.752610;3.978590;57.223900;,
   -6.752610;-0.388086;61.937496;,
   -0.000000;-3.806080;65.108292;,
   6.752620;-6.758370;60.228996;,
   -8.657430;2.785180;54.728397;,
   -8.196580;0.825708;56.445892;,
   -6.752610;1.044070;59.064594;,
   -8.469290;-0.388086;50.360897;,
   -9.069230;-0.388086;55.472595;,
   -6.752610;-0.388086;59.281498;,
   -7.552150;-2.508890;49.679897;,
   -8.657430;-3.561350;54.728397;,
   -8.196580;-1.601880;56.445892;,
   -6.752610;-1.820240;59.064594;,
   -8.537830;-3.772750;48.537994;,
   -8.537830;-7.095190;52.945797;,
   -7.552150;-5.679200;54.239899;,
   -6.752610;-4.754759;57.223900;,
   -6.752610;-6.758370;60.228996;,
   -7.552150;-4.597829;48.456898;,
   -6.550770;-6.929370;50.773994;,
   -6.752610;-9.620289;53.271496;,
   -6.752610;-9.443429;56.393291;,
   -8.362920;-5.705200;47.695198;,
   -7.552150;-8.536739;47.947296;,
   -6.746350;-13.163699;51.359497;,
   -6.746350;-12.803098;53.662395;,
   -5.756510;-12.711699;55.680500;,
   -7.552150;-4.666649;44.792496;,
   -8.362920;-7.278880;46.314796;,
   -6.752610;-7.420190;44.323097;,
   -6.752610;-10.553098;44.532196;,
   -6.746350;-13.996099;49.973495;,
   -7.552150;-4.834770;42.648994;,
   -0.000000;-15.151699;44.847500;,
   -6.749960;-15.276099;47.862095;,
   -2.873110;23.331799;75.520096;,
   -2.794460;28.686998;82.590691;,
   0.000000;35.668697;90.315193;,
   0.000000;20.501299;77.051094;,
   0.000000;24.445997;82.076294;,
   0.000000;29.168198;86.651894;,
   0.000000;39.076096;92.053696;,
   -1.244560;40.311096;89.396095;,
   0.000000;42.298996;84.491493;,
   1.244560;40.311096;89.396095;,
   0.000000;43.528194;93.339195;,
   0.000000;42.230995;89.399895;,
   3.956900;34.525597;81.988190;,
   7.552140;-4.834770;42.648994;,
   6.752620;-7.420190;44.323097;,
   6.752620;-10.553098;44.532196;,
   8.278120;-3.955880;42.741398;,
   7.552150;-4.666649;44.792496;,
   8.362920;-7.278880;46.314796;,
   7.552150;-8.536739;47.947296;,
   8.362910;-5.705200;47.695198;,
   6.550770;-6.929370;50.773994;,
   6.746350;-13.163699;51.359497;,
   6.746350;-13.996099;49.973495;,
   6.749960;-15.276099;47.862095;,
   7.552140;-4.597829;48.456898;,
   8.537840;-7.095190;52.945797;,
   6.752620;-9.620289;53.271496;,
   7.552140;-5.679200;54.239899;,
   6.752620;-9.443429;56.393291;,
   5.756510;-12.711699;55.680500;,
   6.746350;-12.803098;53.662395;,
   3.507960;-9.924730;58.308594;,
   3.507960;-12.827399;58.425999;,
   4.760410;-18.303398;59.233395;,
   5.864000;-19.011198;54.289902;,
   6.245960;-19.277298;51.547096;,
   -0.000000;-7.354710;61.425896;,
   -0.000000;-10.352399;61.050392;,
   -0.000000;-12.749999;61.602596;,
   -0.000000;-15.167499;62.773197;,
   -3.507960;-9.924730;58.308594;,
   -3.507960;-12.827399;58.425999;,
   -4.760410;-18.303398;59.233395;,
   -5.864000;-19.011198;54.289902;,
   -5.215910;-25.717299;55.053291;,
   -4.408020;-19.030699;60.148495;,
   -3.768640;-16.709497;63.218300;,
   -6.245960;-19.277298;51.547096;,
   -5.672860;-25.712198;52.689495;,
   -5.657820;-32.299896;50.289795;,
   -5.002430;-32.802395;52.470497;,
   -4.709720;-26.735998;56.179897;,
   -6.445980;-19.243097;49.385597;,
   -6.039430;-25.763597;49.859497;,
   -5.907240;-25.774797;51.088795;,
   -6.749960;-17.894999;46.229694;,
   -6.104240;-25.763597;48.587097;,
   -5.290820;-30.832197;46.157898;,
   -0.000000;-17.436298;43.373795;,
   -0.000000;-24.720598;44.821297;,
   -0.000000;-29.923597;43.051395;,
   -5.290820;-36.260998;42.779495;,
   -4.607890;-38.168594;44.715195;,
   6.749960;-17.894999;46.229694;,
   6.104240;-25.763597;48.587097;,
   5.290820;-30.832197;46.157898;,
   5.290820;-36.260998;42.779495;,
   -0.000000;-35.281796;39.527897;,
   6.445990;-19.243097;49.385597;,
   6.039440;-25.763597;49.859497;,
   5.657820;-32.299896;50.289795;,
   4.607890;-38.168594;44.715195;,
   5.907230;-25.774797;51.088795;,
   5.672860;-25.712198;52.689495;,
   5.215900;-25.717299;55.053291;,
   5.002430;-32.802395;52.470497;,
   4.187340;-39.319298;45.969894;,
   4.408020;-19.030699;60.148495;,
   4.709720;-26.735998;56.179897;,
   -0.000000;-29.904396;60.211296;,
   -0.000000;-35.767998;56.646194;,
   -0.000000;-42.633198;49.194695;,
   3.768640;-16.709497;63.218300;,
   -0.000000;-20.488499;66.803589;,
   -0.000000;-24.609999;63.694901;,
   1.935790;-15.128499;68.721596;,
   -0.000000;-16.884699;70.164192;,
   -1.935790;-15.128499;68.721596;,
   -0.000000;-14.293299;68.699791;,
   -0.000000;-14.503198;73.318489;,
   -4.187340;-39.319298;45.969894;,
   -0.000000;-48.618195;35.765095;,
   4.050040;-45.709297;33.873795;,
   -4.050040;-45.709297;33.873795;,
   -1.712930;-47.520397;24.983997;,
   -0.000000;-49.742496;24.137697;,
   1.712930;-47.520397;24.983997;,
   4.499440;-44.496098;33.050297;,
   -4.499440;-44.496098;33.050297;,
   -0.000000;-45.403095;24.488098;,
   -0.000000;-45.798897;18.960697;,
   -1.535400;-47.536198;18.331497;,
   -0.000000;-40.815998;34.062897;,
   1.535400;-47.536198;18.331497;,
   -0.000000;-45.201897;11.711798;,
   -0.000000;-48.107895;17.121998;,
   0.000000;33.904198;-1.253940;,
   -0.742963;30.326899;-4.956400;,
   0.000000;26.711298;-5.140810;,
   0.742956;30.326899;-4.956400;,
   0.000000;32.278797;-6.706040;,
   0.000000;31.668098;-11.145699;,
   -5.723490;-0.388086;-103.068993;,
   -0.000000;-0.388086;-100.411995;,
   0.000000;1.984300;-99.940094;,
   -0.000000;-2.760470;-99.940094;,
   -5.723490;3.001050;-102.394989;,
   -3.066630;-0.388086;-105.725990;,
   -5.723490;-3.777220;-102.394989;,
   0.000000;3.995530;-98.596191;,
   -5.723490;5.874240;-100.474991;,
   -3.066630;4.017799;-104.848991;,
   -0.000000;-0.388086;-105.725990;,
   -3.066630;-4.793970;-104.848991;,
   5.723490;3.001050;-102.394989;,
   5.723490;5.874240;-100.474991;,
   0.000000;5.339379;-96.585091;,
   -5.723490;7.794020;-97.601791;,
   -3.066630;7.752900;-102.353989;,
   5.723490;-0.388086;-103.068993;,
   3.066620;-0.388086;-105.725990;,
   3.066620;4.017799;-104.848991;,
   3.066620;7.752900;-102.353989;,
   5.723490;7.794020;-97.601791;,
   -0.000000;-0.388086;-100.411995;,
   5.723490;-3.777220;-102.394989;,
   3.066620;-4.793970;-104.848991;,
   0.000000;4.017799;-104.848991;,
   0.000000;7.752900;-102.353989;,
   3.066620;10.248699;-98.618492;,
   -0.000000;-4.771700;-98.596191;,
   5.723490;-6.650370;-100.474991;,
   3.066620;-8.529079;-102.353989;,
   -0.000000;-4.793970;-104.848991;,
   -5.723490;-6.650370;-100.474991;,
   -0.000000;-6.115550;-96.585091;,
   5.723490;-8.570190;-97.601791;,
   3.066620;-11.024799;-98.618492;,
   -0.000000;-8.529079;-102.353989;,
   -3.066630;-8.529079;-102.353989;,
   -5.723490;-8.570190;-97.601791;,
   -0.000000;-6.587430;-94.212593;,
   5.723490;-9.244310;-94.212593;,
   -3.066630;-11.024799;-98.618492;,
   -5.723490;-9.244310;-94.212593;,
   -0.000000;-6.115550;-91.840195;,
   5.723490;-8.570170;-90.823494;,
   3.066620;-11.901199;-94.212593;,
   0.001997;-11.024799;-98.618492;,
   0.003994;-11.901199;-94.212593;,
   -3.066630;-11.901199;-94.212593;,
   -5.723490;-8.570170;-90.823494;,
   -0.000000;-4.771700;-89.828995;,
   3.066620;-11.024799;-89.806793;,
   0.003994;-11.024799;-89.806793;,
   -3.066630;-11.024799;-89.806793;,
   -5.723490;-6.650370;-87.950294;,
   5.723490;-6.650370;-87.950294;,
   3.066620;-8.529079;-86.071594;,
   0.001997;-8.529079;-86.071594;,
   -3.066630;-8.529079;-86.071594;,
   -0.000000;-2.760470;-88.485191;,
   5.723490;-3.777220;-86.030495;,
   2.770740;-3.158810;-83.352394;,
   -0.000000;-4.306490;-83.352394;,
   -5.723490;-3.777220;-86.030495;,
   -0.000000;-0.388086;-88.013290;,
   5.723490;-0.388086;-85.356392;,
   3.918420;-0.388062;-83.352394;,
   2.770740;2.382670;-83.352394;,
   -2.770740;-3.158810;-83.352394;,
   -5.723490;-0.388086;-85.356392;,
   -5.723490;3.001050;-86.030495;,
   0.000000;1.984300;-88.485191;,
   5.723490;3.001050;-86.030495;,
   -3.918420;-0.388062;-83.352394;,
   -2.770740;2.382670;-83.352394;,
   -3.066630;7.752900;-86.071594;,
   -5.723490;5.874220;-87.950294;,
   0.000000;3.995530;-89.828995;,
   5.723490;5.874220;-87.950294;,
   3.066620;7.752900;-86.071594;,
   0.000000;3.530350;-83.352394;,
   -0.019129;7.752900;-86.071594;,
   -0.038259;10.248699;-89.806793;,
   -3.066630;10.248699;-89.806793;,
   -5.723490;7.794020;-90.823494;,
   3.066620;10.248699;-89.806793;,
   3.066620;11.124999;-94.212593;,
   -0.038259;11.124999;-94.212593;,
   -3.066630;11.124999;-94.212593;,
   5.723490;7.794020;-90.823494;,
   5.723490;8.468138;-94.212593;,
   -0.019129;10.248699;-98.618492;,
   -3.066630;10.248699;-98.618492;,
   0.000000;5.339379;-91.840195;,
   0.000000;5.811279;-94.212593;,
   -5.723490;8.468138;-94.212593;,
   2.563140;-2.951200;24.295998;,
   3.163700;-3.551780;23.641598;,
   3.624820;-0.388062;24.295998;,
   -0.000000;-4.862229;23.641598;,
   -0.000000;-4.012889;22.822598;,
   2.563140;-2.951200;22.822598;,
   4.474150;-0.388062;23.641598;,
   2.563140;2.175070;24.295998;,
   -0.000000;-4.012889;24.295998;,
   -2.563140;-2.951200;24.295998;,
   -3.163700;-3.551780;23.641598;,
   -2.563140;-2.951200;22.822598;,
   -0.000000;-4.012889;10.980499;,
   2.563140;-2.951200;10.980499;,
   3.624820;-0.388062;22.822598;,
   -3.624820;-0.388062;24.295998;,
   -4.474150;-0.388062;23.641598;,
   -3.624820;-0.388062;22.822598;,
   -2.563140;-2.951200;10.980499;,
   -0.000000;-4.906129;10.315698;,
   -2.563140;2.175070;24.295998;,
   -3.163700;2.775610;23.641598;,
   -2.563140;2.175070;22.822598;,
   -3.624820;-0.388062;10.980499;,
   -3.194740;-3.582840;10.315698;,
   0.000000;3.236740;24.295998;,
   0.000000;4.086060;23.641598;,
   0.000000;3.236740;22.822598;,
   -2.563140;2.175070;10.980499;,
   -4.518050;-0.388062;10.315698;,
   3.163700;2.775610;23.641598;,
   2.563140;2.175070;22.822598;,
   2.563140;2.175070;10.980499;,
   0.000000;3.236740;10.980499;,
   -3.194740;2.806660;10.315698;,
   3.624820;-0.388062;10.980499;,
   4.518050;-0.388062;10.315698;,
   3.194750;2.806660;10.315698;,
   0.000000;4.129980;10.315698;,
   2.563140;2.175070;9.517879;,
   0.000000;3.236740;9.517879;,
   3.194750;-3.582840;10.315698;,
   2.563140;-2.951200;9.517879;,
   3.624820;-0.388062;9.517879;,
   3.624820;-0.388062;-1.206740;,
   2.563140;2.175070;-1.206740;,
   0.000000;3.236740;-1.206740;,
   -0.000000;-4.012889;9.517879;,
   -0.000000;-4.012889;-1.206740;,
   2.563140;-2.951200;-1.206740;,
   3.571440;-3.959500;-5.223070;,
   5.050780;-0.388062;-5.223070;,
   -2.563140;-2.951200;9.517879;,
   -2.563140;-2.951200;-1.206740;,
   -0.000000;-5.438840;-5.223070;,
   -0.000000;-7.046750;-8.542139;,
   4.708390;-5.096459;-8.542139;,
   -3.624820;-0.388062;9.517879;,
   -3.624820;-0.388062;-1.206740;,
   -3.571440;-3.959500;-5.223070;,
   -4.708390;-5.096459;-8.542139;,
   -0.000000;-4.306490;-14.826099;,
   -2.563140;2.175070;9.517879;,
   -2.563140;2.175070;-1.206740;,
   -5.050770;-0.388062;-5.223070;,
   -6.658670;-0.388062;-8.542139;,
   -2.770740;-3.158810;-14.826099;,
   0.000000;4.129980;10.315698;,
   0.000000;3.236740;9.517879;,
   0.000000;3.236740;-1.206740;,
   -3.571440;3.183370;-5.223070;,
   0.000000;4.662690;-5.223070;,
   -4.708400;4.320340;-8.542139;,
   -3.918420;-0.388062;-14.826099;,
   -2.770740;-3.158810;-45.350697;,
   -0.000000;-4.306490;-45.350697;,
   2.770740;-3.158810;-14.826099;,
   0.000000;6.270579;-8.542139;,
   -2.770740;2.382670;-14.826099;,
   -3.918420;-0.388062;-45.350697;,
   -4.304220;-4.692309;-47.966595;,
   -0.000000;-6.475170;-47.966595;,
   4.708390;4.320340;-8.542139;,
   2.770740;2.382670;-14.826099;,
   0.000000;3.530350;-14.826099;,
   -2.770740;2.382670;-45.350697;,
   -6.087100;-0.388062;-47.966595;,
   3.571440;3.183370;-5.223070;,
   6.658670;-0.388062;-8.542139;,
   3.918420;-0.388062;-14.826099;,
   3.918420;-0.388062;-45.350697;,
   2.770740;2.382670;-45.350697;,
   2.770740;-3.158810;-45.350697;,
   4.304230;-4.692309;-47.966595;,
   6.087100;-0.388062;-47.966595;,
   4.304230;3.916140;-47.966595;,
   0.000000;3.530350;-45.350697;,
   -0.000000;-4.306490;-51.033596;,
   2.770740;-3.158810;-51.033596;,
   3.918420;-0.388062;-51.033596;,
   2.770740;2.382670;-51.033596;,
   0.000000;5.699020;-47.966595;,
   -2.770740;-3.158810;-51.033596;,
   -0.000000;-4.306490;-73.846489;,
   2.770740;-3.158810;-73.846489;,
   3.918420;-0.388062;-73.846489;,
   -3.918420;-0.388062;-51.033596;,
   -2.770740;-3.158810;-73.846489;,
   -0.000000;-6.111620;-76.667992;,
   4.047160;-4.435229;-76.667992;,
   -4.304220;3.916140;-47.966595;,
   -2.770740;2.382670;-51.033596;,
   -3.918420;-0.388062;-73.846489;,
   -4.047160;-4.435229;-76.667992;,
   -0.000000;-4.376200;-80.631592;,
   0.000000;3.530350;-51.033596;,
   -2.770740;2.382670;-73.846489;,
   -5.723550;-0.388062;-76.667992;,
   -2.820030;-3.208110;-80.631592;,
   2.770740;2.382670;-73.846489;,
   0.000000;3.530350;-73.846489;,
   -4.047160;3.659080;-76.667992;,
   -3.988120;-0.388062;-80.631592;,
   5.723550;-0.388062;-76.667992;,
   4.047160;3.659080;-76.667992;,
   0.000000;5.335470;-76.667992;,
   -2.820030;2.431960;-80.631592;,
   2.820030;-3.208110;-80.631592;,
   3.988120;-0.388062;-80.631592;,
   2.820030;2.431960;-80.631592;,
   0.000000;3.600050;-80.631592;,
   0.000000;3.600050;-80.631592;,
   2.820030;2.431960;-80.631592;,
