xof 0303txt 0032
template VertexDuplicationIndices {
 <b8d65549-d7c9-4995-89cf-53a9a8b031e3>
 DWORD nIndices;
 DWORD nOriginalVertices;
 array DWORD indices[nIndices];
}

template EffectParamDWord {
 <e13963bc-ae51-4c5d-b00f-cfa3a9d97ce5>
 STRING ParamName;
 DWORD Value;
}

template FVFData {
 <b6e70a0e-8ef9-4e83-94ad-ecc8b0c04897>
 DWORD dwFVF;
 DWORD nDWords;
 array DWORD data[nDWords];
}

template EffectFloats {
 <f1cfe2b3-0de3-4e28-afa1-155a750a282d>
 DWORD nFloats;
 array FLOAT Floats[nFloats];
}

template EffectString {
 <d55b097e-bdb6-4c52-b03d-6051c89d0e42>
 STRING Value;
}

template EffectDWord {
 <622c0ed0-956e-4da9-908a-2af94f3ce716>
 DWORD Value;
}

template EffectInstance {
 <e331f7e4-0559-4cc2-8e99-1cec1657928f>
 STRING EffectFilename;
 [...]
}

template AnimTicksPerSecond {
 <9e415a43-7ba6-4a73-8743-b73d47e88476>
 DWORD AnimTicksPerSecond;
}

template VertexElement {
 <f752461c-1e23-48f6-b9f8-8350850f336f>
 DWORD Type;
 DWORD Method;
 DWORD Usage;
 DWORD UsageIndex;
}

template DeclData {
 <bf22e553-292c-4781-9fea-62bd554bdd93>
 DWORD nElements;
 array VertexElement Elements[nElements];
 DWORD nDWords;
 array DWORD data[nDWords];
}

template EffectParamFloats {
 <3014b9a0-62f5-478c-9b86-e4ac9f4e418b>
 STRING ParamName;
 DWORD nFloats;
 array FLOAT Floats[nFloats];
}

template EffectParamString {
 <1dbc4c88-94c1-46ee-9076-2c28818c9481>
 STRING ParamName;
 STRING Value;
}


AnimTicksPerSecond {
 4800;
}

Frame {
 

 FrameTransformMatrix {
  1.000000,0.000000,0.000000,0.000000,0.000000,1.000000,0.000000,0.000000,0.000000,0.000000,1.000000,0.000000,0.000000,0.000000,0.000000,1.000000;;
 }

 Frame Armature {
  

  FrameTransformMatrix {
   39.370079,0.000000,-0.000000,0.000000,-0.000000,0.000002,-39.370075,0.000000,0.000000,39.370075,0.000002,0.000000,0.000000,0.000000,0.000000,1.000000;;
  }

  Frame Root {
   

   FrameTransformMatrix {
    -0.853985,-0.114832,0.507468,0.000000,0.054149,-0.989660,-0.132822,0.000000,0.517473,-0.085949,0.851372,0.000000,23.119419,-25.745508,53.728905,1.000000;;
   }

   Frame Back_Vine {
    

    FrameTransformMatrix {
     -0.801896,0.234196,0.549648,0.000000,-0.046450,-0.941625,0.333443,0.000000,0.595654,0.241856,0.765965,0.000000,-1.852976,9.089554,43.944393,1.000000;;
    }
   }

   Frame C_Back_Leaf {
    

    FrameTransformMatrix {
     0.064459,-0.992981,-0.099150,0.000000,0.955035,0.090198,-0.282439,0.000000,0.289400,-0.076486,0.954147,0.000000,0.661394,11.005814,38.782303,1.000000;;
    }
   }

   Frame R_Back_Leaf {
    

    FrameTransformMatrix {
     0.626529,-0.779233,-0.016032,0.000000,0.661432,0.520708,0.539788,0.000000,-0.412273,-0.348796,0.841649,0.000000,-25.749998,2.164320,32.786404,1.000000;;
    }
   }

   Frame L_Back_Leaf {
    

    FrameTransformMatrix {
     -0.639778,-0.550104,0.536722,0.000000,0.220753,-0.800449,-0.557268,0.000000,0.736174,-0.238045,0.633547,0.000000,28.837904,-4.314188,32.223915,1.000000;;
    }
   }

   Frame Spine1 {
    

    FrameTransformMatrix {
     0.994459,0.103917,-0.015887,0.000000,-0.104787,0.991981,-0.070661,0.000000,0.008417,0.071934,0.997374,0.000000,0.000545,-21.783112,4.195555,1.000000;;
    }

    Frame R_Vine {
     

     FrameTransformMatrix {
      -0.909724,-0.406875,-0.082781,0.000000,0.392874,-0.778992,-0.488693,0.000000,0.134352,-0.477099,0.868520,0.000000,-30.699205,6.061912,35.572601,1.000000;;
     }
    }

    Frame Orb {
     

     FrameTransformMatrix {
      1.000000,0.000086,0.000000,0.000000,-0.000086,1.000000,0.000000,0.000000,0.000000,0.000000,1.000000,0.000000,-7.011241,-4.077977,31.959736,1.000000;;
     }
    }

    Frame R_Body_Leaf {
     

     FrameTransformMatrix {
      0.839558,0.068342,0.538954,0.000000,-0.208997,0.956338,0.204298,0.000000,-0.501460,-0.284159,0.817184,0.000000,-32.297005,-9.843019,21.907684,1.000000;;
     }
    }

    Frame Spine2 {
     

     FrameTransformMatrix {
      0.998497,0.051792,-0.017914,0.000000,-0.047937,0.983840,0.172515,0.000000,0.026560,-0.171397,0.984844,0.000000,-0.000004,-25.050400,-0.000008,1.000000;;
     }

     Frame L_Head_UpperLeaf {
      

      FrameTransformMatrix {
       0.066853,0.997716,-0.009644,0.000000,-0.984855,0.067535,0.159684,0.000000,0.159971,-0.001177,0.987121,0.000000,6.401043,-16.881596,19.457008,1.000000;;
      }
     }

     Frame L_Vine {
      

      FrameTransformMatrix {
       -0.272229,-0.948992,0.159079,0.000000,0.736442,-0.311888,-0.600316,0.000000,0.619310,-0.046271,0.783782,0.000000,34.141296,10.649697,24.526100,1.000000;;
      }
     }

     Frame Front_Vine1 {
      

      FrameTransformMatrix {
       0.403708,-0.617438,-0.675123,0.000000,0.880414,0.462848,0.103167,0.000000,0.248780,-0.636036,0.730456,0.000000,-14.306898,-13.216803,25.117611,1.000000;;
      }

      Frame Front_Vine2 {
       

       FrameTransformMatrix {
        -0.141827,-0.983660,-0.110896,0.000000,0.870941,-0.177244,0.458308,0.000000,-0.470475,-0.031584,0.881848,0.000000,-44.097305,21.793388,-4.310998,1.000000;;
       }

       Frame Front_Vine3 {
        

        FrameTransformMatrix {
         -0.504454,-0.813767,-0.288634,0.000000,0.819947,-0.556241,0.135206,0.000000,-0.270577,-0.168460,0.947845,0.000000,-33.001595,17.228302,-4.371419,1.000000;;
        }
       }
      }
     }

     Frame L_Body_Leaf {
      

      FrameTransformMatrix {
       -0.951689,0.015966,0.306646,0.000000,-0.065623,-0.986150,-0.152318,0.000000,0.299967,-0.165083,0.939557,0.000000,28.784496,10.438905,19.691902,1.000000;;
      }
     }

     Frame R_Head_Leaf {
      

      FrameTransformMatrix {
       0.449834,0.531496,0.717747,0.000000,-0.746505,0.664927,-0.024524,0.000000,-0.490284,-0.524770,0.695872,0.000000,-19.904596,-18.935802,13.002198,1.000000;;
      }
     }

     Frame L_Head_Leaf {
      

      FrameTransformMatrix {
       -0.197934,0.802644,0.562658,0.000000,-0.800231,-0.463817,0.380137,0.000000,0.566085,-0.375014,0.734106,0.000000,15.973304,-20.869198,9.430023,1.000000;;
      }
     }

     Frame R_Clavicle {
      

      FrameTransformMatrix {
       0.808057,0.249956,0.533447,0.000000,0.295526,-0.955334,-0.000020,0.000000,0.509615,0.157664,-0.845833,0.000000,-13.070970,-3.559883,-4.940527,1.000000;;
      }

      Frame R_Shoulder {
       

       FrameTransformMatrix {
        0.139330,-0.798443,-0.585726,0.000000,0.817387,0.426627,-0.387127,0.000000,0.558986,-0.424827,0.712080,0.000000,-17.811108,-5.991806,-6.291792,1.000000;;
       }

       Frame R_Elbow {
        

        FrameTransformMatrix {
         -0.443304,-0.896371,-0.000000,0.000000,0.896371,-0.443304,0.000000,0.000000,0.000000,-0.000000,1.000000,0.000000,41.647511,0.000015,0.000010,1.000000;;
        }

        Frame R_Hand {
         

         FrameTransformMatrix {
          0.418794,-0.538005,-0.731548,0.000000,-0.148234,0.754289,-0.639589,0.000000,0.895901,0.376296,0.236141,0.000000,42.965611,-0.000001,0.000006,1.000000;;
         }

         Frame R_Outerclaw {
          

          FrameTransformMatrix {
           0.840577,0.533161,0.095759,0.000000,-0.537033,0.797090,0.276118,0.000000,0.070887,-0.283525,0.956341,0.000000,14.597507,14.531705,-1.402741,1.000000;;
          }
         }

         Frame R_Innerclaw {
          

          FrameTransformMatrix {
           0.849022,-0.526486,0.044408,0.000000,0.527028,0.837932,-0.141822,0.000000,0.037456,0.143814,0.988896,0.000000,17.780788,-15.103802,-2.876770,1.000000;;
          }
         }

         Frame R_Thumb {
          

          FrameTransformMatrix {
           -0.000184,-1.000000,-0.000098,0.000000,0.965099,-0.000152,-0.261879,0.000000,0.261880,-0.000143,0.965100,0.000000,-0.958360,-12.948104,5.729159,1.000000;;
          }
         }

         Frame R_Claw {
          

          FrameTransformMatrix {
           0.993324,0.112393,-0.025953,0.000000,-0.113176,0.993093,-0.030944,0.000000,0.022296,0.033675,0.999184,0.000000,17.403996,0.000038,0.000015,1.000000;;
          }
         }
        }
       }
      }
     }

     Frame L_Clavicle {
      

      FrameTransformMatrix {
       0.746827,-0.532272,-0.398668,0.000000,0.568861,0.821826,-0.031590,0.000000,0.344450,-0.203195,0.916551,0.000000,13.339502,-3.559842,-7.628694,1.000000;;
      }

      Frame L_Shoulder {
       

       FrameTransformMatrix {
        -0.803490,0.164625,0.572103,0.000000,-0.418914,-0.839161,-0.346872,0.000000,0.422983,-0.518371,0.743221,0.000000,17.811195,5.991898,6.291718,1.000000;;
       }

       Frame L_Elbow {
        

        FrameTransformMatrix {
         0.939811,-0.341695,-0.000000,0.000000,0.341695,0.939811,0.000000,0.000000,0.000000,-0.000000,1.000000,0.000000,-38.319439,-0.000003,0.000001,1.000000;;
        }

        Frame L_Hand {
         

         FrameTransformMatrix {
          0.678513,-0.455743,-0.576123,0.000000,0.384748,0.888581,-0.249786,0.000000,0.625770,-0.052179,0.778260,0.000000,-51.651775,0.000024,-0.000014,1.000000;;
         }

         Frame L_Outerclaw {
          

          FrameTransformMatrix {
           0.693480,0.097447,0.713855,0.000000,-0.285079,0.947062,0.147660,0.000000,-0.661676,-0.305904,0.684548,0.000000,-14.606757,-14.531711,1.402788,1.000000;;
          }
         }

         Frame L_Innerclaw {
          

          FrameTransformMatrix {
           0.797666,-0.402022,0.449562,0.000000,0.578426,0.720993,-0.381563,0.000000,-0.170735,0.564399,0.807653,0.000000,-17.790051,15.103889,2.876812,1.000000;;
          }
         }

         Frame L_Thumb {
          

          FrameTransformMatrix {
           0.105415,-0.956560,0.271810,0.000000,0.898641,-0.025412,-0.437948,0.000000,0.425831,0.290426,0.856925,0.000000,0.958332,12.950640,-5.736856,1.000000;;
          }
         }

         Frame L_Claw {
          

          FrameTransformMatrix {
           0.926961,0.045379,0.372404,0.000000,0.049069,0.969464,-0.240274,0.000000,-0.371935,0.240998,0.896428,0.000000,-17.413261,-0.000003,-0.000006,1.000000;;
          }
         }
        }
       }
      }
     }

     Frame Head {
      

      FrameTransformMatrix {
       0.674460,-0.303200,-0.673182,0.000000,0.077731,0.935879,-0.343640,0.000000,0.734208,0.179444,0.654781,0.000000,-1.601596,-24.211563,-8.325320,1.000000;;
      }
     }
    }
   }

   Frame Pelvis {
    

    FrameTransformMatrix {
     0.955476,-0.291774,-0.043962,0.000000,0.282891,0.863461,0.417622,0.000000,-0.083892,-0.411464,0.907557,0.000000,0.000004,14.092792,-8.075919,1.000000;;
    }

    Frame R_Hip {
     

     FrameTransformMatrix {
      -0.612806,-0.788621,-0.050453,0.000000,-0.541346,0.372433,0.753817,0.000000,-0.575686,0.489255,-0.655145,0.000000,-16.621502,-0.866364,-2.983817,1.000000;;
     }

     Frame R_Knee {
      

      FrameTransformMatrix {
       -0.385936,0.041076,0.921611,0.000000,-0.009615,0.998775,-0.048542,0.000000,-0.922475,-0.027595,-0.385068,0.000000,28.758783,-0.000008,0.000018,1.000000;;
      }

      Frame R_Foot {
       

       FrameTransformMatrix {
        -0.508535,0.135140,-0.850370,0.000000,0.613316,0.750032,-0.247579,0.000000,0.604347,-0.647448,-0.464301,0.000000,23.559191,-0.000023,-0.000001,1.000000;;
       }

       Frame R_ToeRoll_end {
        

        FrameTransformMatrix {
         -0.358348,-0.913579,0.192245,0.000000,0.804887,-0.406658,-0.432186,0.000000,0.473015,-0.000137,0.881054,0.000000,11.670096,0.380661,5.621033,1.000000;;
        }
       }

       Frame R_InnerRoll_end {
        

        FrameTransformMatrix {
         -0.358201,-0.913638,0.192241,0.000000,0.804938,-0.406527,-0.432213,0.000000,0.473038,-0.000077,0.881042,0.000000,2.001872,-15.490889,10.812375,1.000000;;
        }
       }

       Frame R_Toe {
        

        FrameTransformMatrix {
         1.000000,0.000086,-0.000086,0.000000,-0.000086,1.000000,0.000000,0.000000,0.000086,0.000000,1.000000,0.000000,10.600890,-0.000019,-0.000048,1.000000;;
        }

        Frame R_Toe_end {
         

         FrameTransformMatrix {
          1.000000,0.000086,0.000000,0.000000,-0.000086,1.000001,0.000000,0.000000,0.000000,0.000000,1.000000,0.000000,11.537500,0.000011,0.000015,1.000000;;
         }
        }
       }
      }
     }
    }

    Frame L_Hip {
     

     FrameTransformMatrix {
      -0.584537,0.444080,0.679050,0.000000,-0.458663,-0.871222,0.174931,0.000000,0.669287,-0.209202,0.712945,0.000000,16.621502,-0.866394,-2.983803,1.000000;;
     }

     Frame L_Knee {
      

      FrameTransformMatrix {
       0.198710,0.039469,0.979263,0.000000,-0.021480,0.999124,-0.035911,0.000000,-0.979823,-0.013899,0.199384,0.000000,-28.758808,-0.000014,-0.000015,1.000000;;
      }

      Frame L_Foot {
       

       FrameTransformMatrix {
        0.069844,-0.337321,-0.938795,0.000000,0.130524,0.936093,-0.326640,0.000000,0.988982,-0.099721,0.109409,0.000000,-23.559212,-0.000001,-0.000009,1.000000;;
       }

       Frame L_ToeRoll_end {
        

        FrameTransformMatrix {
         -0.334357,-0.915050,0.225585,0.000000,0.758368,-0.403340,-0.512048,0.000000,0.559537,-0.000131,0.828805,0.000000,-12.231802,-0.380636,-5.484197,1.000000;;
        }
       }

       Frame L_InnerRoll_end {
        

        FrameTransformMatrix {
         -0.358204,-0.913637,0.192242,0.000000,0.804936,-0.406531,-0.432215,0.000000,0.473040,-0.000079,0.881040,0.000000,-2.001899,15.490909,-10.812500,1.000000;;
        }
       }

       Frame L_HeelRoll_end {
        

        FrameTransformMatrix {
         -0.358204,-0.913637,0.192242,0.000000,0.804936,-0.406531,-0.432215,0.000000,0.473040,-0.000079,0.881040,0.000000,7.998604,1.605524,-16.182314,1.000000;;
        }
       }

       Frame L_Toe {
        

        FrameTransformMatrix {
         0.994887,0.000082,-0.100991,0.000000,-0.000082,1.000000,0.000000,0.000000,0.100991,0.000008,0.994887,0.000000,-10.600914,0.000002,0.000000,1.000000;;
        }

        Frame L_Toe_end {
         

         FrameTransformMatrix {
          1.000000,0.000086,0.000000,0.000000,-0.000086,1.000000,0.000000,0.000000,0.000000,0.000000,1.000000,0.000000,-11.537503,-0.000004,-0.000010,1.000000;;
         }
        }
       }
      }
     }
    }
   }
  }
 }

 Frame Model {
  

  FrameTransformMatrix {
   39.370079,0.000000,0.000003,0.000000,0.000003,-0.000006,-39.370079,0.000000,-0.000000,39.370075,-0.000006,0.000000,-0.000042,-0.000008,-0.000009,1.000000;;
  }

  Mesh Model {
   3282;
   21.849901;-25.857103;42.090504;,
   25.652403;-26.730904;45.422604;,
   26.562405;-25.043604;46.903706;,
   14.412202;-29.650206;43.793205;,
   20.374302;-29.906204;48.530708;,
   24.113203;-33.198402;51.655506;,
   27.898203;-34.854004;52.318508;,
   28.356102;-29.731203;45.908005;,
   25.195004;-44.361904;51.387108;,
   25.627005;-37.281105;42.401203;,
   28.308506;-30.176304;40.740902;,
   26.444504;-38.252205;54.489006;,
   20.643202;-44.334904;51.541409;,
   24.046703;-48.808407;46.778706;,
   25.235205;-43.914906;40.476704;,
   24.452805;-39.310604;40.693302;,
   23.221903;-37.463406;53.826107;,
   20.310202;-45.677605;48.772106;,
   19.826403;-43.580505;45.846603;,
   23.176601;-44.202503;40.328102;,
   20.390602;-38.667904;41.424904;,
   19.492502;-29.165005;37.966805;,
   11.688801;-35.662106;48.395508;,
   14.412202;-29.650206;43.793205;,
   21.849901;-25.857103;42.090504;,
   19.256203;-22.336903;41.934002;,
   24.378004;-19.495901;31.536507;,
   30.565203;-25.192003;31.003004;,
   10.966801;-23.814802;48.890507;,
   19.256203;-22.336903;41.934002;,
   15.772202;-26.063004;47.148403;,
   14.412202;-29.650206;43.793205;,
   11.688801;-35.662106;48.395508;,
   17.074602;-19.035402;55.807404;,
   21.615103;-23.639502;65.350105;,
   24.632101;-22.769802;62.297909;,
   26.267904;-30.890106;69.069305;,
   23.760202;-29.471203;58.264805;,
   22.204203;-31.033203;69.346207;,
   20.859303;-43.045506;67.630707;,
   25.356005;-41.872303;66.716507;,
   16.199501;-43.857502;60.800110;,
   21.350002;-46.675503;65.606209;,
   24.427904;-45.658802;64.559204;,
   13.732002;-46.569202;52.012806;,
   15.124802;-51.631207;55.614113;,
   19.727303;-44.619102;59.785511;,
   18.260002;-50.914707;54.451611;,
   20.643202;-44.334904;51.541409;,
   23.221903;-37.463406;53.826107;,
   17.787802;-49.296608;50.038109;,
   15.772202;-26.063004;47.148403;,
   20.374302;-29.906204;48.530708;,
   14.412202;-29.650206;43.793205;,
   24.633204;-28.298002;50.526409;,
   24.113203;-33.198402;51.655506;,
   23.221903;-37.463406;53.826107;,
   22.469501;-44.473804;60.088306;,
   19.727303;-44.619102;59.785511;,
   21.344803;-24.860704;45.252003;,
   26.562405;-25.043604;46.903706;,
   21.849901;-25.857103;42.090504;,
   19.256203;-22.336903;41.934002;,
   16.199501;-43.857502;60.800110;,
   15.124802;-51.631207;55.614113;,
   17.787802;-49.296608;50.038109;,
   20.310202;-45.677605;48.772106;,
   19.826403;-43.580505;45.846603;,
   11.688801;-35.662106;48.395508;,
   20.390602;-38.667904;41.424904;,
   -3.827910;-29.900003;37.981503;,
   0.000000;-29.350101;40.071102;,
   -3.095070;-39.275604;43.845203;,
   -5.945210;-39.392403;42.437805;,
   -9.067430;-34.533405;43.066505;,
   -10.914301;-39.862602;49.532406;,
   -11.565502;-26.197304;48.671307;,
   -9.239791;-40.557304;53.444607;,
   -6.138131;-42.595104;49.588306;,
   -9.224982;-42.839405;49.572109;,
   -6.495651;-45.348503;52.928406;,
   -2.481080;-43.819504;47.452602;,
   -3.095070;-39.275604;43.845203;,
   0.000000;-39.558502;43.312405;,
   0.000000;-44.360405;47.441204;,
   2.481080;-43.819504;47.452602;,
   3.095090;-39.275604;43.845203;,
   6.138131;-42.595104;49.588306;,
   6.495651;-45.348503;52.928406;,
   9.239831;-40.557304;53.444607;,
   0.000000;-29.350101;40.071102;,
   3.827930;-29.900003;37.981503;,
   3.095090;-39.275604;43.845203;,
   5.945210;-39.392403;42.437805;,
   9.224991;-42.839405;49.572109;,
   10.914301;-39.862602;49.532406;,
   11.565502;-26.197304;48.671307;,
   9.067470;-34.533405;43.066505;,
   -15.772202;-26.063004;47.148403;,
   -19.256203;-22.336903;41.934002;,
   -10.966801;-23.814802;48.890507;,
   -14.412202;-29.650206;43.793205;,
   -11.688801;-35.662106;48.395508;,
   -17.074501;-19.035402;55.807404;,
   -21.615103;-23.639502;65.350105;,
   -22.204203;-31.033203;69.346207;,
   -20.859402;-43.045506;67.630707;,
   -16.199501;-43.857502;60.800110;,
   -13.732002;-46.569202;52.012806;,
   -17.787802;-49.296608;50.038109;,
   -24.632101;-22.769802;62.297909;,
   -26.267904;-30.890106;69.069305;,
   -25.356005;-41.872303;66.716507;,
   -21.349901;-46.675503;65.606209;,
   -27.858704;-20.770302;50.295906;,
   -23.760202;-29.471203;58.264805;,
   -24.427904;-45.658802;64.559204;,
   -22.469501;-44.473804;60.088306;,
   -19.727303;-44.619102;59.785511;,
   -16.199501;-43.857502;60.800110;,
   -21.426401;-18.128902;50.165607;,
   -31.652906;-14.188402;45.754303;,
   -38.419605;-19.742802;41.033005;,
   -33.723404;-23.773102;43.830006;,
   -26.562405;-25.043604;46.903706;,
   -24.633204;-28.298002;50.526409;,
   -26.430304;-11.564202;42.822903;,
   -33.306305;-14.308302;41.191803;,
   -37.342606;-17.785103;37.820503;,
   -36.204205;-20.252703;38.408504;,
   -32.171204;-23.741001;41.532005;,
   -28.470606;-24.799904;43.963604;,
   -23.221802;-37.463406;53.826107;,
   -24.113203;-33.198402;51.655506;,
   -20.374302;-29.906204;48.530708;,
   -15.772202;-26.063004;47.148403;,
   -14.412202;-29.650206;43.793205;,
   -15.124802;-51.631207;55.614113;,
   -19.727303;-44.619102;59.785511;,
   -18.260002;-50.914707;54.451611;,
   -20.643103;-44.334904;51.541409;,
   -17.787802;-49.296608;50.038109;,
   -15.124802;-51.631207;55.614113;,
   -23.221802;-37.463406;53.826107;,
   -20.310202;-45.677605;48.772106;,
   -19.826403;-43.580505;45.846603;,
   -11.688801;-35.662106;48.395508;,
   -20.390602;-38.667904;41.424904;,
   -21.344702;-24.860704;45.252003;,
   -21.849901;-25.857103;42.090504;,
   -19.256203;-22.336903;41.934002;,
   -19.826403;-43.580505;45.846603;,
   -23.176502;-44.202503;40.328102;,
   -20.390602;-38.667904;41.424904;,
   -24.046604;-48.808407;46.778706;,
   -25.235205;-43.914906;40.476704;,
   -24.452805;-39.310604;40.693302;,
   -26.587404;-30.169706;37.199802;,
   -19.492502;-29.165005;37.966805;,
   -11.688801;-35.662106;48.395508;,
   -20.310202;-45.677605;48.772106;,
   -20.643103;-44.334904;51.541409;,
   -25.195004;-44.361904;51.387108;,
   -25.627005;-37.281105;42.401203;,
   -28.308506;-30.176304;40.740902;,
   -33.230404;-25.071903;37.118603;,
   -30.565203;-25.192003;31.003004;,
   -26.444504;-38.252205;54.489006;,
   -27.898203;-34.854004;52.318508;,
   -28.356102;-29.731203;45.908005;,
   -23.221802;-37.463406;53.826107;,
   -24.113203;-33.198402;51.655506;,
   -25.652403;-26.730904;45.422604;,
   -28.470606;-24.799904;43.963604;,
   -32.171204;-23.741001;41.532005;,
   -36.204205;-20.252703;38.408504;,
   -35.754505;-23.202803;34.323402;,
   -20.374302;-29.906204;48.530708;,
   -14.412202;-29.650206;43.793205;,
   -21.849901;-25.857103;42.090504;,
   -26.562405;-25.043604;46.903706;,
   -24.378004;-19.495901;31.536507;,
   -19.256203;-22.336903;41.934002;,
   -21.849901;-25.857103;42.090504;,
   -14.412202;-29.650206;43.793205;,
   4.631081;59.307705;64.394005;,
   4.488840;63.480907;60.443413;,
   -0.000000;64.273506;62.525707;,
   9.623231;57.606609;59.605503;,
   8.511270;61.815308;56.850113;,
   10.337801;55.911808;54.385509;,
   10.260401;60.217606;53.102909;,
   5.173850;55.578407;47.289402;,
   4.736010;61.085407;47.521103;,
   -0.000000;55.497211;42.195206;,
   -0.000000;63.881409;42.159603;,
   -4.735990;61.085407;47.521103;,
   -5.173830;55.578407;47.289402;,
   -10.260401;60.217606;53.102909;,
   -10.337801;55.911808;54.385509;,
   -8.511250;61.815308;56.850113;,
   -9.623222;57.606609;59.605503;,
   -4.488840;63.480907;60.443413;,
   -4.631081;59.307705;64.394005;,
   -11.072101;51.663509;62.273907;,
   -12.069402;49.394806;55.937408;,
   -13.712902;45.323402;65.401611;,
   5.287770;68.913910;28.405005;,
   5.870290;69.985405;31.941904;,
   7.338941;69.903107;26.877604;,
   3.126680;70.816010;23.091002;,
   3.703170;72.668610;22.188702;,
   6.466211;71.122604;42.955505;,
   8.489590;68.017410;43.151005;,
   11.931701;64.139107;52.352909;,
   11.264201;65.158005;40.579304;,
   5.870290;69.985405;31.941904;,
   7.338941;69.903107;26.877604;,
   3.929710;71.226410;45.689804;,
   8.560221;68.162910;51.876106;,
   11.099701;63.815506;54.223602;,
   14.834402;62.456703;56.220108;,
   -0.547610;74.048309;33.522404;,
   -1.310520;72.411804;45.766804;,
   5.685841;71.770111;48.084408;,
   7.295561;69.090706;52.295708;,
   7.838181;67.057411;53.949306;,
   -0.369800;71.661606;25.529203;,
   -2.970750;73.397705;24.756104;,
   -4.998780;73.794708;35.107704;,
   -5.863650;72.121506;33.281303;,
   -6.488721;70.087807;42.711002;,
   -4.824931;70.746704;27.359001;,
   -7.083471;71.155907;29.620506;,
   -7.267070;72.379410;35.722702;,
   -10.198601;66.985909;41.613403;,
   -11.751201;67.120911;53.021507;,
   -8.658671;68.428604;53.212208;,
   -6.117681;70.152710;27.959805;,
   -8.932741;65.158310;37.522102;,
   -15.274102;60.357906;49.676407;,
   -15.564102;62.072506;54.856110;,
   -11.928702;63.766907;54.325409;,
   -9.087331;65.888504;54.957306;,
   -14.433202;58.204910;48.442806;,
   -20.043201;55.011608;56.945503;,
   -20.063202;56.571007;60.758705;,
   -16.326902;61.330906;58.249012;,
   -14.069302;60.686802;59.069710;,
   -11.998202;65.068810;56.408005;,
   -18.894302;53.035809;57.648308;,
   -19.732002;52.386208;60.157509;,
   -16.310602;53.063709;65.252205;,
   -16.446201;56.694405;64.285309;,
   -15.251002;60.793907;60.662407;,
   -10.148001;64.751411;57.190113;,
   -10.065401;67.236809;56.963112;,
   -5.648780;72.099808;52.151207;,
   -14.461302;53.931911;64.526810;,
   -13.660702;55.981007;67.359406;,
   -11.591401;58.403008;69.104408;,
   -12.486902;60.308910;65.057106;,
   -11.932001;65.915306;60.360703;,
   -9.728081;68.180008;60.080513;,
   -10.241701;57.857006;69.749306;,
   -8.096731;59.664608;74.612709;,
   -10.384801;60.087608;71.168709;,
   -6.303471;63.776306;66.154907;,
   -6.249661;60.515808;72.011505;,
   -5.929911;59.561508;75.784111;,
   -3.647880;61.531204;73.443810;,
   0.439720;63.936909;71.572708;,
   -0.687060;72.152908;53.930405;,
   -1.044120;73.087311;47.576305;,
   3.588940;73.287605;47.782604;,
   -1.596390;59.740910;73.732407;,
   1.561870;61.739609;72.527710;,
   8.398671;68.664810;58.275208;,
   7.259621;71.616310;55.988808;,
   5.112060;61.604607;70.899704;,
   9.037871;63.645809;65.954109;,
   2.154080;58.888004;71.134308;,
   4.876901;59.310604;68.784111;,
   7.132301;61.317307;67.932007;,
   8.765101;60.656513;68.876907;,
   13.069602;60.219707;64.796707;,
   12.156102;65.607307;61.861908;,
   9.007262;59.029709;68.557106;,
   8.582841;58.213608;66.417107;,
   11.688701;59.443611;65.883110;,
   14.517002;56.857208;66.045105;,
   16.833902;56.047909;64.075508;,
   16.729403;57.865009;62.316109;,
   14.830002;61.904110;60.830708;,
   13.436802;55.818108;66.541107;,
   16.993402;52.834408;63.403507;,
   18.881601;54.941906;62.838104;,
   18.369602;58.508411;58.100006;,
   15.893802;52.325108;63.591602;,
   17.375402;51.307209;63.088005;,
   19.263002;55.332409;58.989803;,
   19.500402;53.314106;56.753803;,
   14.866402;62.420513;56.234913;,
   14.865302;62.422108;56.236607;,
   14.834402;62.450108;56.274509;,
   10.430702;63.111706;39.197803;,
   12.255402;62.063103;57.874603;,
   9.900761;64.997711;56.896908;,
   11.791201;65.075409;55.555809;,
   9.140470;69.295204;56.092911;,
   -14.461302;53.931911;64.526810;,
   -16.310602;53.063709;65.252205;,
   -19.732002;52.386208;60.157509;,
   -18.894302;53.035809;57.648308;,
   -14.433202;58.204910;48.442806;,
   -5.275830;59.390907;69.985611;,
   -13.660702;55.981007;67.359406;,
   -10.241701;57.857006;69.749306;,
   -8.096731;59.664608;74.612709;,
   -6.249661;60.515808;72.011505;,
   -5.929911;59.561508;75.784111;,
   1.032010;63.644409;43.296505;,
   4.381760;57.982510;63.832108;,
   -1.467720;58.700005;71.571411;,
   -1.596390;59.740910;73.732407;,
   2.154080;58.888004;71.134308;,
   -8.932741;65.158310;37.522102;,
   -4.824931;70.746704;27.359001;,
   -0.369800;71.661606;25.529203;,
   5.287770;68.913910;28.405005;,
   10.430702;63.111706;39.197803;,
   16.586302;55.201908;53.454609;,
   13.461101;56.623611;56.528709;,
   -6.117681;70.152710;27.959805;,
   7.338941;69.903107;26.877604;,
   19.500402;53.314106;56.753803;,
   17.375402;51.307209;63.088005;,
   16.993402;52.834408;63.403507;,
   15.893802;52.325108;63.591602;,
   13.436802;55.818108;66.541107;,
   8.582841;58.213608;66.417107;,
   4.876901;59.310604;68.784111;,
   3.126680;70.816010;23.091002;,
   3.703170;72.668610;22.188702;,
   -3.295390;71.587906;24.718803;,
   -2.970750;73.397705;24.756104;,
   -70.907310;66.403511;3.957370;,
   -64.904007;50.828308;-0.135790;,
   -73.931404;59.193211;5.985160;,
   -63.275707;63.707611;1.862400;,
   -63.275707;63.707611;1.862400;,
   -70.907310;66.403511;3.957370;,
   -66.415611;69.579605;6.918770;,
   -68.118607;74.425011;5.497880;,
   -74.247604;74.447105;4.650460;,
   -79.210304;68.497604;6.513581;,
   -75.356110;64.677109;7.589271;,
   -73.805107;64.628906;12.435002;,
   -75.149704;60.412708;11.242801;,
   -73.931404;59.193211;5.985160;,
   18.435602;47.003803;67.837204;,
   -0.000000;42.679005;58.423103;,
   8.062211;51.124706;71.643707;,
   -25.828304;35.860504;76.228508;,
   -27.722403;37.821404;70.308609;,
   -26.929306;23.599703;71.323006;,
   -29.446205;13.797602;76.053604;,
   -28.275702;21.028902;82.976105;,
   33.479004;11.259901;95.700607;,
   29.691202;12.663302;99.608917;,
   28.216703;15.087501;97.379715;,
   -18.435602;47.003803;67.837204;,
   -20.296501;41.225605;78.016304;,
   -12.069002;46.176903;81.062309;,
   -0.000000;46.220203;84.258110;,
   -0.000000;37.932205;85.080307;,
   11.344201;37.495502;84.712807;,
   -18.435602;47.003803;67.837204;,
   -19.285202;46.087006;59.085606;,
   -13.823702;45.209206;47.545204;,
   -6.591431;41.677704;41.836002;,
   -0.000000;41.913002;40.215504;,
   6.591431;41.677704;41.836002;,
   -26.929504;-5.825000;71.032410;,
   -27.948303;-8.522541;68.147804;,
   -20.614101;-17.146502;74.580505;,
   -30.014502;-4.467170;63.124508;,
   27.948303;-8.522541;68.147804;,
   30.014502;-4.467170;63.124508;,
   26.929504;-5.825000;71.032410;,
   28.263706;-0.320120;64.911308;,
   24.461103;-3.075901;55.851707;,
   0.000000;-16.866901;43.838303;,
   -0.000000;11.359902;39.800705;,
   9.596341;6.184821;42.074604;,
   -9.596341;6.184821;42.074604;,
   -9.210721;-22.048903;99.947212;,
   -0.000000;8.991111;85.459106;,
   -22.398901;-13.606702;96.340012;,
   0.000000;-23.640001;100.768013;,
   9.210721;-22.048903;99.947212;,
   22.398901;-13.606702;96.340012;,
   26.586803;5.038240;87.635010;,
   26.785404;17.351803;85.265709;,
   22.354603;29.367302;84.836906;,
   11.344201;37.495502;84.712807;,
   -0.000000;37.932205;85.080307;,
   38.870705;16.064402;103.925018;,
   39.188004;13.546202;101.329018;,
   37.807304;20.524002;98.548119;,
   38.106003;21.977602;101.069016;,
   35.303402;17.502901;105.614014;,
   33.750706;21.666403;103.444016;,
   30.138803;19.325703;103.225014;,
   30.696901;16.260002;104.817017;,
   33.346104;27.151806;95.048210;,
   28.483404;26.213404;98.725418;,
   25.979904;23.340002;98.472115;,
   28.216703;15.087501;97.379715;,
   29.691202;12.663302;99.608917;,
   30.142002;10.862501;105.227013;,
   33.954704;24.601204;92.465607;,
   27.708603;29.984606;88.984108;,
   23.573902;29.320902;91.992905;,
   21.185303;25.114204;91.938507;,
   26.191404;17.851803;94.306305;,
   29.667904;26.839005;86.645905;,
   28.055805;21.003702;85.745308;,
   23.396902;19.622402;89.320007;,
   -15.172602;41.923306;57.230309;,
   -13.712902;45.323402;65.401611;,
   -12.069402;49.394806;55.937408;,
   -7.024001;39.968903;48.857807;,
   -5.655351;48.310608;48.361206;,
   -0.000000;46.623203;43.953102;,
   -0.000000;36.239002;45.042103;,
   7.024001;39.968903;48.857807;,
   5.655351;48.310608;48.361206;,
   12.069402;49.394806;55.937408;,
   15.172602;41.923306;57.230309;,
   13.713002;45.323402;65.401611;,
   11.072101;51.663509;62.273907;,
   4.735300;52.987309;68.029610;,
   5.569580;46.418404;73.012611;,
   -0.000000;52.916908;69.192909;,
   -0.000000;45.226303;73.480911;,
   -5.569580;46.418404;73.012611;,
   -4.735330;52.987309;68.029610;,
   -25.324003;29.105602;48.552906;,
   -13.823702;45.209206;47.545204;,
   -14.182802;28.332705;40.915703;,
   -6.591431;41.677704;41.836002;,
   -0.000000;32.427902;38.700603;,
   -0.000000;11.359902;39.800705;,
   -9.596341;6.184821;42.074604;,
   -20.282803;3.058910;46.662605;,
   -0.000000;41.913002;40.215504;,
   6.591431;41.677704;41.836002;,
   14.182802;28.332705;40.915703;,
   9.596341;6.184821;42.074604;,
   26.586803;5.038240;87.635010;,
   22.398901;-13.606702;96.340012;,
   26.349104;-14.149002;92.706306;,
   30.405905;4.529301;86.362007;,
   26.785404;17.351803;85.265709;,
   33.309402;17.539602;83.610504;,
   28.275702;21.028902;82.976105;,
   29.446205;13.797602;76.053604;,
   32.389103;12.481802;76.945511;,
   30.635202;12.460902;67.760811;,
   28.263706;-0.320120;64.911308;,
   32.254505;10.661002;66.357109;,
   30.637604;16.943901;63.757107;,
   33.547104;16.097801;61.681004;,
   31.422403;22.306803;59.237503;,
   26.929504;-5.825000;71.032410;,
   24.461103;-3.075901;55.851707;,
   25.324003;29.105602;48.552906;,
   28.843302;17.247602;50.260208;,
   33.805805;25.507803;53.948109;,
   27.970404;30.372107;61.706707;,
   30.750402;34.132504;58.205212;,
   27.722403;37.821404;70.308609;,
   23.071503;40.982105;58.300804;,
   29.704601;41.935005;67.631409;,
   25.309404;41.715004;70.628204;,
   25.828304;35.860504;76.228508;,
   20.296501;41.225605;78.016304;,
   22.354603;29.367302;84.836906;,
   26.709402;27.742102;82.572708;,
   18.435602;47.003803;67.837204;,
   12.069002;46.176903;81.062309;,
   11.344201;37.495502;84.712807;,
   -0.000000;46.220203;84.258110;,
   8.062211;51.124706;71.643707;,
   28.275702;21.028902;82.976105;,
   26.785404;17.351803;85.265709;,
   14.910002;8.014801;56.298904;,
   12.123102;13.328802;56.461208;,
   15.677902;12.438802;58.908409;,
   25.923603;9.317650;60.904709;,
   22.947903;1.384870;59.608711;,
   19.311602;1.456180;63.626606;,
   26.988705;-3.229240;72.226906;,
   19.358103;5.069550;66.841209;,
   22.230303;11.238201;67.519806;,
   36.101704;3.385850;71.512810;,
   31.245504;-4.038021;69.548309;,
   29.112604;-9.825521;81.219307;,
   33.982803;-10.911601;80.515106;,
   38.849606;-5.371241;84.229408;,
   36.831505;-12.708402;93.850609;,
   29.154003;7.148661;77.799210;,
   31.629204;-1.167180;88.094406;,
   30.101503;-6.727101;96.388313;,
   26.636003;-6.948250;84.998405;,
   24.948904;0.911030;75.928307;,
   5.586650;46.201004;70.214111;,
   3.786450;49.601707;71.355606;,
   7.579271;50.239506;71.900307;,
   0.966530;47.235806;72.118309;,
   3.527760;42.061802;72.615906;,
   2.100220;41.553505;78.743309;,
   -0.659670;47.047604;78.870110;,
   7.185281;38.529903;77.741806;,
   -13.952902;40.095703;73.937706;,
   -14.641402;45.670803;80.560310;,
   -14.292602;41.685104;80.269905;,
   -15.094102;43.709503;73.612404;,
   -17.401102;47.745102;79.654106;,
   -17.560402;45.652500;72.774010;,
   -22.985302;46.273003;78.977211;,
   -21.677902;45.102905;72.637405;,
   -24.686203;39.848904;78.662704;,
   -15.753901;41.603806;68.699707;,
   -18.605001;42.406303;67.909508;,
   -20.921902;40.931503;67.892708;,
   -25.675003;40.182102;72.440811;,
   -14.067802;38.437805;69.313705;,
   -14.858202;36.504704;66.941109;,
   -17.340403;37.307503;65.189606;,
   -21.565601;38.374203;67.574005;,
   -25.015804;36.471603;73.610611;,
   -16.663002;36.053303;74.669609;,
   -15.916802;35.144604;69.781311;,
   -21.531603;36.521904;79.364609;,
   -23.252502;37.593304;83.731705;,
   -21.037003;35.246502;74.086906;,
   -16.663002;36.053303;74.669609;,
   -15.916802;35.144604;69.781311;,
   -20.825401;35.543903;68.832909;,
   -14.858202;36.504704;66.941109;,
   31.895203;40.479202;85.009010;,
   34.260803;46.029404;82.358810;,
   31.690002;46.046204;83.384506;,
   23.346102;45.285805;86.082809;,
   31.543406;36.138805;84.860207;,
   27.585003;31.660704;85.348511;,
   16.158201;34.763805;89.576805;,
   27.603603;29.213602;85.113808;,
   29.104906;31.430002;84.920204;,
   30.831406;50.981308;80.143509;,
   28.995306;52.748009;79.642204;,
   26.940304;56.959103;76.921104;,
   22.865501;54.542507;79.595108;,
   18.291702;55.746407;80.770004;,
   14.441202;54.198406;80.539406;,
   11.380202;52.938007;80.741707;,
   7.665821;46.244804;85.337608;,
   11.740901;40.434505;88.934204;,
   30.492304;52.692608;78.953804;,
   12.860302;54.663406;79.651611;,
   16.661001;56.546406;79.338806;,
   21.184801;57.445305;78.291504;,
   5.241770;37.523205;87.743805;,
   8.410521;30.188604;86.792305;,
   18.011002;26.464504;86.081909;,
   23.119501;26.891706;85.410805;,
   39.963005;53.104309;65.386406;,
   39.954704;50.381107;66.853111;,
   40.439903;52.333107;64.790504;,
   39.963005;53.104309;65.386406;,
   34.396503;52.384708;72.521606;,
   39.394405;46.781105;73.629608;,
   41.173405;49.819206;64.388809;,
   41.381203;45.891804;69.669907;,
   42.453102;44.339203;69.649506;,
   41.914703;45.138805;68.522606;,
   36.834602;58.414207;63.443707;,
   34.854805;58.423706;64.748108;,
   31.674604;60.345509;65.468307;,
   31.674604;60.345509;65.468307;,
   21.760002;60.140209;72.023506;,
   26.272104;50.654907;78.852310;,
   40.274506;54.907108;63.501606;,
   40.233604;58.024807;61.211807;,
   34.158802;61.492504;62.680607;,
   31.055302;61.922302;64.660309;,
   29.469301;62.267902;65.966309;,
   26.721804;64.756607;65.061607;,
   24.523104;64.606407;66.470711;,
   19.981901;64.804710;66.554611;,
   19.981901;64.804710;66.554611;,
   18.009003;63.923103;68.386909;,
   12.866202;60.785908;73.104408;,
   12.028602;55.575008;77.174606;,
   29.288605;65.025711;63.444305;,
   23.146702;65.811607;64.810608;,
   39.666603;36.592903;76.209206;,
   38.638905;32.542202;76.352104;,
   40.695805;34.138203;74.111809;,
   36.256306;39.051903;79.495911;,
   31.747105;31.554403;79.508606;,
   22.081602;34.957203;82.511208;,
   14.573802;39.414303;81.465904;,
   8.453991;46.397305;79.659210;,
   4.842360;51.318909;77.573204;,
   42.441303;39.029903;72.746208;,
   41.009205;42.851704;73.035805;,
   43.997303;42.550404;67.218109;,
   6.420311;57.569511;73.309608;,
   11.582801;63.147102;70.198906;,
   9.934070;63.835609;68.890411;,
   13.488302;64.923706;67.593010;,
   16.148703;66.126106;66.203911;,
   27.970404;30.372107;61.706707;,
   26.929306;23.599703;71.323006;,
   31.422403;22.306803;59.237503;,
   27.722403;37.821404;70.308609;,
   25.828304;35.860504;76.228508;,
   26.709402;27.742102;82.572708;,
   28.275702;21.028902;82.976105;,
   29.446205;13.797602;76.053604;,
   30.635202;12.460902;67.760811;,
   30.637604;16.943901;63.757107;,
   5.586650;46.201004;70.214111;,
   10.619401;47.732105;71.770004;,
   9.668102;50.908607;77.923409;,
   14.211902;46.687103;76.671310;,
   9.968791;41.666702;71.965607;,
   3.527760;42.061802;72.615906;,
   7.185281;38.529903;77.741806;,
   11.557001;39.540405;77.085510;,
   13.678302;41.842903;76.564011;,
   -19.415703;52.365009;78.945808;,
   -19.032402;46.994102;80.205109;,
   -16.858301;46.598602;85.106911;,
   -17.398302;43.172504;83.157707;,
   -8.911550;44.367203;88.765511;,
   -17.938301;39.746304;81.208511;,
   -11.894701;32.150303;84.033409;,
   -19.861301;45.851604;78.811104;,
   -13.823702;45.209206;47.545204;,
   -25.324003;29.105602;48.552906;,
   -23.071503;40.982105;58.300804;,
   -30.750402;34.132504;58.205212;,
   -29.704601;41.935005;67.631409;,
   -18.435602;47.003803;67.837204;,
   -25.309504;41.715004;70.628204;,
   -20.296501;41.225605;78.016304;,
   -25.828304;35.860504;76.228508;,
   -27.722403;37.821404;70.308609;,
   -28.421804;45.046303;67.881905;,
   -31.148804;44.213203;63.331509;,
   -29.347202;41.545002;66.314407;,
   -16.514902;47.328503;78.168411;,
   -27.510403;38.328903;67.306808;,
   -30.406605;41.138603;64.292809;,
   3.337600;40.996803;85.608406;,
   9.442711;38.083004;82.221306;,
   12.163702;36.838802;87.146210;,
   7.643481;38.982105;92.158409;,
   16.024403;34.386604;91.162010;,
   11.872801;35.794003;97.217415;,
   15.639501;31.168304;102.084015;,
   20.821201;28.630304;96.443115;,
   20.821201;28.630304;96.443115;,
   16.024403;34.386604;91.162010;,
   19.882801;37.060802;90.127708;,
   14.581702;38.052605;85.283508;,
   17.154001;40.574203;85.573006;,
   18.219103;43.856003;88.002304;,
   21.951902;40.700104;92.641609;,
   17.337002;47.985004;90.526108;,
   15.511502;45.959503;81.357605;,
   12.163702;36.838802;87.146210;,
   9.442711;38.083004;82.221306;,
   12.861502;39.332405;81.375206;,
   14.682202;41.339005;81.026207;,
   11.557001;39.540405;77.085510;,
   13.678302;41.842903;76.564011;,
   34.919205;24.004105;73.694511;,
   30.350304;33.124203;77.243904;,
   26.309404;24.026203;78.173004;,
   23.171602;33.210804;76.358810;,
   20.460302;25.555603;73.131004;,
   20.460302;25.555603;73.131004;,
   27.710201;15.689002;76.171509;,
   26.309404;24.026203;78.173004;,
   36.373405;15.019202;73.855408;,
   34.919205;24.004105;73.694511;,
   22.766302;27.330103;76.163704;,
   23.697302;29.468204;81.533104;,
   26.555304;26.955904;80.042610;,
   20.109602;26.833904;75.920105;,
   20.111301;28.999706;82.968307;,
   -13.909502;-21.726501;101.368011;,
   -12.089802;-18.783503;101.989014;,
   -2.486280;-23.133001;102.733017;,
   -18.914103;-17.558102;108.306007;,
   -16.972002;-15.371802;107.980019;,
   -12.089802;-18.783503;101.989014;,
   -11.484701;-18.126602;106.015015;,
   -2.486280;-23.133001;102.733017;,
   -16.972002;-15.371802;107.980019;,
   -7.679641;-47.823704;92.809006;,
   -4.942020;-51.117409;90.674706;,
   -3.675710;-49.245609;94.251007;,
   -36.738605;-2.105100;84.082909;,
   -38.926205;-3.006310;81.923904;,
   -38.679703;-4.002650;83.308006;,
   -39.230206;-7.352010;85.282608;,
