xof 0303txt 0032
template VertexDuplicationIndices {
 <b8d65549-d7c9-4995-89cf-53a9a8b031e3>
 DWORD nIndices;
 DWORD nOriginalVertices;
 array DWORD indices[nIndices];
}

template EffectParamDWord {
 <e13963bc-ae51-4c5d-b00f-cfa3a9d97ce5>
 STRING ParamName;
 DWORD Value;
}

template FVFData {
 <b6e70a0e-8ef9-4e83-94ad-ecc8b0c04897>
 DWORD dwFVF;
 DWORD nDWords;
 array DWORD data[nDWords];
}

template EffectFloats {
 <f1cfe2b3-0de3-4e28-afa1-155a750a282d>
 DWORD nFloats;
 array FLOAT Floats[nFloats];
}

template EffectString {
 <d55b097e-bdb6-4c52-b03d-6051c89d0e42>
 STRING Value;
}

template EffectDWord {
 <622c0ed0-956e-4da9-908a-2af94f3ce716>
 DWORD Value;
}

template EffectInstance {
 <e331f7e4-0559-4cc2-8e99-1cec1657928f>
 STRING EffectFilename;
 [...]
}

template AnimTicksPerSecond {
 <9e415a43-7ba6-4a73-8743-b73d47e88476>
 DWORD AnimTicksPerSecond;
}

template VertexElement {
 <f752461c-1e23-48f6-b9f8-8350850f336f>
 DWORD Type;
 DWORD Method;
 DWORD Usage;
 DWORD UsageIndex;
}

template DeclData {
 <bf22e553-292c-4781-9fea-62bd554bdd93>
 DWORD nElements;
 array VertexElement Elements[nElements];
 DWORD nDWords;
 array DWORD data[nDWords];
}

template EffectParamFloats {
 <3014b9a0-62f5-478c-9b86-e4ac9f4e418b>
 STRING ParamName;
 DWORD nFloats;
 array FLOAT Floats[nFloats];
}

template EffectParamString {
 <1dbc4c88-94c1-46ee-9076-2c28818c9481>
 STRING ParamName;
 STRING Value;
}


AnimTicksPerSecond {
 4800;
}

Frame {
 

 FrameTransformMatrix {
  1.000000,0.000000,0.000000,0.000000,0.000000,1.000000,0.000000,0.000000,0.000000,0.000000,1.000000,0.000000,0.000000,0.000000,0.000000,1.000000;;
 }

 Frame Armature {
  

  FrameTransformMatrix {
   39.370079,0.000000,-0.000000,0.000000,-0.000000,0.000002,-39.370075,0.000000,0.000000,39.370075,0.000002,0.000000,0.000000,0.000000,0.000000,1.000000;;
  }

  Frame Root {
   

   FrameTransformMatrix {
    -0.999861,0.016708,0.000000,0.000000,-0.016708,-0.999861,-0.000000,0.000000,-0.000000,0.000000,1.000000,0.000000,0.000000,0.000000,0.000000,1.000000;;
   }

   Frame Crab {
    

    FrameTransformMatrix {
     0.998154,0.057759,-0.018776,0.000000,-0.051499,0.968790,0.242476,0.000000,0.032196,-0.241062,0.969976,0.000000,1.680104,22.035809,-39.816353,1.000000;;
    }

    Frame L_Stalk1 {
     

     FrameTransformMatrix {
      0.056899,0.736778,-0.673737,0.000000,-0.104627,0.675514,0.729886,0.000000,0.992882,0.028961,0.115523,0.000000,22.133909,-55.564793,42.155846,1.000000;;
     }

     Frame L_Stalk2 {
      

      FrameTransformMatrix {
       0.242848,-0.969802,0.022561,0.000000,0.961976,0.243755,0.123230,0.000000,-0.125008,-0.008223,0.992122,0.000000,-19.428791,1.115351,0.041848,1.000000;;
      }

      Frame L_Stalk3 {
       

       FrameTransformMatrix {
        0.923557,-0.190688,-0.332687,0.000000,0.235057,0.967001,0.098271,0.000000,0.302969,-0.168960,0.937903,0.000000,-29.920803,-0.000007,-0.000008,1.000000;;
       }

       Frame L_Stalk4 {
        

        FrameTransformMatrix {
         0.911081,-0.258447,-0.321147,0.000000,0.373097,0.848277,0.375798,0.000000,0.175298,-0.462202,0.869276,0.000000,-39.942711,-0.000059,-0.000008,1.000000;;
        }

        Frame L_Stalk5 {
         

         FrameTransformMatrix {
          0.870073,0.160560,0.466041,0.000000,-0.290148,0.931139,0.220895,0.000000,-0.398482,-0.327415,0.856745,0.000000,-49.781506,-0.000015,0.000015,1.000000;;
         }

         Frame L_Stalk_Tip {
          

          FrameTransformMatrix {
           0.968987,0.098453,-0.226649,0.000000,-0.079830,0.992743,0.089940,0.000000,0.233859,-0.069058,0.969815,0.000000,-26.607624,-0.000031,0.000002,1.000000;;
          }
         }
        }
       }
      }
     }
    }

    Frame R_Stalk1 {
     

     FrameTransformMatrix {
      0.046302,-0.741077,0.669821,0.000000,-0.092011,-0.670853,-0.735859,0.000000,0.994681,-0.027560,-0.099249,0.000000,-21.579979,-55.584579,42.117561,1.000000;;
     }

     Frame R_Stalk2 {
      

      FrameTransformMatrix {
       0.263160,-0.964346,0.028002,0.000000,0.964496,0.263648,0.015371,0.000000,-0.022206,0.022962,0.999490,0.000000,19.440655,-1.104163,0.141749,1.000000;;
      }

      Frame R_Stalk3 {
       

       FrameTransformMatrix {
        0.965652,-0.198399,-0.167794,0.000000,0.195977,0.980117,-0.031043,0.000000,0.170617,-0.002907,0.985333,0.000000,29.921103,0.000183,0.000009,1.000000;;
       }

       Frame R_Stalk4 {
        

        FrameTransformMatrix {
         0.899920,-0.256304,-0.352777,0.000000,0.394220,0.823986,0.406986,0.000000,0.186371,-0.505327,0.842562,0.000000,39.942612,-0.000015,0.000038,1.000000;;
        }

        Frame R_Stalk5 {
         

         FrameTransformMatrix {
          0.992916,0.096386,-0.069480,0.000000,-0.071855,0.952812,0.294935,0.000000,0.094629,-0.287853,0.952988,0.000000,49.781803,-0.000724,0.000009,1.000000;;
         }

         Frame R_Stalk_Tip {
          

          FrameTransformMatrix {
           0.962389,-0.254368,-0.095402,0.000000,0.249950,0.966642,-0.055903,0.000000,0.106439,0.029954,0.993868,0.000000,26.607910,0.000419,-0.000034,1.000000;;
          }
         }
        }
       }
      }
     }
    }

    Frame R_Mouth {
     

     FrameTransformMatrix {
      0.248890,-0.874160,0.417010,0.000000,-0.427443,-0.485499,-0.762615,0.000000,0.869106,0.011559,-0.494490,0.000000,-23.385008,-48.977196,4.005663,1.000000;;
     }
    }

    Frame R_Eye {
     

     FrameTransformMatrix {
      -0.381706,-0.805918,0.452544,0.000000,0.079216,-0.516340,-0.852713,0.000000,0.920884,-0.289637,0.260932,0.000000,-27.867855,-31.327705,4.294339,1.000000;;
     }
    }

    Frame R_Back_Hip {
     

     FrameTransformMatrix {
      -0.206839,0.327734,-0.921850,0.000000,0.478572,-0.787918,-0.387497,0.000000,-0.853339,-0.521321,0.006128,0.000000,-28.339100,44.812508,-16.347090,1.000000;;
     }

     Frame R_Back_Knee {
      

      FrameTransformMatrix {
       -0.192070,-0.976125,0.101436,0.000000,0.980392,-0.195489,-0.024815,0.000000,0.044052,0.094681,0.994532,0.000000,26.070494,0.000018,0.000004,1.000000;;
      }

      Frame R_Back_Ankle {
       

       FrameTransformMatrix {
        -0.548407,0.836211,0.000861,0.000000,-0.836211,-0.548405,-0.001799,0.000000,-0.001033,-0.001706,0.999998,0.000000,44.021210,0.000005,-0.000011,1.000000;;
       }
      }
     }
    }

    Frame R_Mid_Hip {
     

     FrameTransformMatrix {
      -0.365176,0.014770,-0.930821,0.000000,0.914243,0.194202,-0.355591,0.000000,0.175515,-0.980850,-0.084421,0.000000,-43.080502,20.300007,-13.014894,1.000000;;
     }

     Frame R_Mid_Knee {
      

      FrameTransformMatrix {
       -0.518180,-0.855271,-0.000000,0.000000,0.855271,-0.518180,0.000000,0.000000,0.000000,-0.000000,1.000000,0.000000,32.222301,-0.000004,-0.000009,1.000000;;
      }

      Frame R_Mid_Ankle {
       

       FrameTransformMatrix {
        -0.656966,0.753920,-0.000045,0.000000,-0.753920,-0.656966,-0.000002,0.000000,-0.000030,0.000033,1.000000,0.000000,48.256111,-0.000015,-0.000004,1.000000;;
       }
      }
     }
    }

    Frame R_Front_Hip {
     

     FrameTransformMatrix {
      -0.353491,-0.585414,-0.729613,0.000000,0.288025,0.673961,-0.680307,0.000000,0.889992,-0.450629,-0.069625,0.000000,-30.016800,-11.779898,-13.153591,1.000000;;
     }

     Frame R_Front_Knee {
      

      FrameTransformMatrix {
       -0.462493,-0.886623,-0.000000,0.000000,0.886623,-0.462493,0.000000,0.000000,0.000000,-0.000000,1.000000,0.000000,32.222412,-0.000010,0.000013,1.000000;;
      }

      Frame R_Front_Ankle {
       

       FrameTransformMatrix {
        -0.825415,0.564525,0.000000,0.000000,-0.564525,-0.825415,0.000000,0.000000,0.000000,0.000000,1.000000,0.000000,55.500710,0.000005,0.000009,1.000000;;
       }
      }
     }
    }

    Frame R_Shoulder {
     

     FrameTransformMatrix {
      -0.488925,-0.405798,-0.772192,0.000000,-0.070930,0.900773,-0.428458,0.000000,0.869437,-0.154712,-0.469194,0.000000,-27.334608,-27.370394,-6.282841,1.000000;;
     }

     Frame R_Elbow {
      

      FrameTransformMatrix {
       -0.153136,-0.988018,0.019235,0.000000,0.983778,-0.154261,-0.091567,0.000000,0.093437,0.004901,0.995613,0.000000,30.815403,0.000011,0.000000,1.000000;;
      }

      Frame R_Wrist {
       

       FrameTransformMatrix {
        0.090644,0.959743,-0.265850,0.000000,-0.586656,0.267173,0.764495,0.000000,0.804747,0.086665,0.587257,0.000000,31.522800,-0.000019,0.000002,1.000000;;
       }
      }
     }
    }

    Frame L_Shoulder {
     

     FrameTransformMatrix {
      -0.230335,0.596841,0.768587,0.000000,0.448057,-0.636074,0.628215,0.000000,0.863823,0.489071,-0.120908,0.000000,27.334600,-27.370401,-6.282885,1.000000;;
     }

     Frame L_Elbow {
      

      FrameTransformMatrix {
       -0.173955,-0.983764,0.044128,0.000000,0.976817,-0.178057,-0.118842,0.000000,0.124770,0.022432,0.991932,0.000000,-30.815397,-0.000002,-0.000000,1.000000;;
      }

      Frame L_Wrist {
       

       FrameTransformMatrix {
        -0.245865,0.908426,0.338102,0.000000,-0.890615,-0.074049,-0.448689,0.000000,-0.382564,-0.411436,0.827264,0.000000,-31.522802,0.000014,-0.000004,1.000000;;
       }
      }
     }
    }

    Frame L_Mid_Hip {
     

     FrameTransformMatrix {
      0.780414,-0.395638,0.484174,0.000000,-0.428871,0.224781,0.874953,0.000000,-0.454997,-0.890474,0.005745,0.000000,43.080498,20.299995,-13.014891,1.000000;;
     }

     Frame L_Mid_Knee {
      

      FrameTransformMatrix {
       -0.765081,-0.643933,-0.000000,0.000000,0.643933,-0.765081,0.000000,0.000000,0.000000,-0.000000,1.000000,0.000000,-32.222404,0.000002,0.000008,1.000000;;
      }

      Frame L_Mid_Ankle {
       

       FrameTransformMatrix {
        0.216011,-0.976391,-0.000000,0.000000,-0.976391,-0.216011,-0.000084,0.000000,0.000082,0.000018,-1.000000,0.000000,-48.256203,0.000008,0.000014,1.000000;;
       }
      }
     }
    }

    Frame L_Back_Hip {
     

     FrameTransformMatrix {
      -0.734633,0.137540,0.664377,0.000000,0.639805,-0.185390,0.745842,0.000000,0.225752,0.972992,0.048195,0.000000,28.339109,44.812500,-16.347090,1.000000;;
     }

     Frame L_Back_Knee {
      

      FrameTransformMatrix {
       -0.434842,-0.895873,0.091234,0.000000,0.899454,-0.436996,-0.004077,0.000000,0.043521,0.080288,0.995821,0.000000,-26.070496,0.000011,0.000006,1.000000;;
      }

      Frame L_Back_Ankle {
       

       FrameTransformMatrix {
        -0.774001,0.632254,-0.034294,0.000000,-0.632744,-0.774346,0.004712,0.000000,-0.023576,0.025347,0.999400,0.000000,-44.021206,-0.000008,-0.000007,1.000000;;
       }
      }
     }
    }

    Frame L_Front_Hip {
     

     FrameTransformMatrix {
      -0.805734,0.504391,0.310453,0.000000,0.177989,-0.293734,0.939170,0.000000,0.564899,0.811979,0.146896,0.000000,30.016806,-11.779905,-13.153686,1.000000;;
     }

     Frame L_Front_Knee {
      

      FrameTransformMatrix {
       -0.226788,-0.973944,-0.000000,0.000000,0.973944,-0.226788,0.000000,0.000000,0.000000,-0.000000,1.000000,0.000000,-32.222408,-0.000004,0.000009,1.000000;;
      }

      Frame L_Front_Ankle {
       

       FrameTransformMatrix {
        -0.606743,0.794898,0.000023,0.000000,-0.794898,-0.606743,0.000070,0.000000,0.000070,0.000024,1.000000,0.000000,-55.500713,-0.000012,0.000002,1.000000;;
       }
      }
     }
    }

    Frame L_Eye {
     

     FrameTransformMatrix {
      -0.381544,0.805900,-0.452711,0.000000,0.079224,0.516471,0.852632,0.000000,0.920949,0.289451,-0.260903,0.000000,27.980988,-31.713194,4.266011,1.000000;;
     }
    }

    Frame L_Mouth {
     

     FrameTransformMatrix {
      0.248740,0.874208,-0.416999,0.000000,-0.427255,0.485413,0.762776,0.000000,0.869242,-0.011568,0.494251,0.000000,23.194096,-48.960102,3.906595,1.000000;;
     }
    }
   }
  }
 }

 Frame Model {
  

  FrameTransformMatrix {
   39.370079,-0.000000,0.000003,0.000000,0.000003,-0.000006,-39.370079,0.000000,0.000000,39.370079,-0.000006,0.000000,0.000047,0.000056,-0.000056,1.000000;;
  }

  Mesh Model {
   2780;
   -34.806400;34.173801;46.719398;,
   -36.537899;27.431902;46.199200;,
   -27.511803;24.905001;60.014702;,
   -42.343700;36.098202;32.674099;,
   -38.871899;43.756901;38.991299;,
   -34.474800;50.459900;34.009102;,
   -30.307398;38.375900;46.264198;,
   -33.744499;46.933899;39.951401;,
   -27.377501;44.998699;37.114601;,
   -20.789301;43.761200;31.963299;,
   -23.923000;36.735401;44.500198;,
   -18.932100;32.702400;41.466202;,
   -22.271700;26.170603;59.681000;,
   -26.595100;24.384899;37.753899;,
   -36.537899;27.431902;46.199200;,
   -42.343700;36.098202;32.674099;,
   -24.137600;22.059500;56.835602;,
   -27.511803;24.905001;60.014702;,
   -22.271700;26.170603;59.681000;,
   -18.932100;32.702400;41.466202;,
   -30.961901;32.442299;26.595301;,
   -33.356602;43.962799;27.330000;,
   -20.789301;43.761200;31.963299;,
   -34.474800;50.459900;34.009102;,
   -25.888599;45.403900;25.464100;,
   -37.402599;56.568996;21.515499;,
   -24.046600;56.445499;29.156898;,
   -31.007402;36.683399;24.774900;,
   -41.225399;39.817101;24.933100;,
   -50.102001;48.123699;27.782900;,
   -39.879700;61.776699;29.742001;,
   -32.474499;61.419106;38.796299;,
   -29.540300;49.835701;37.153599;,
   -27.737200;45.256599;30.851601;,
   -25.888599;45.403900;25.464100;,
   -46.710499;55.884197;36.863201;,
   -41.853901;66.102303;39.192902;,
   -34.102100;67.543404;47.527699;,
   -33.066200;54.315201;43.232399;,
   -35.829300;48.470402;43.176102;,
   -34.537701;45.664001;32.342602;,
   -50.095600;62.119099;46.728001;,
   -44.939899;72.256897;43.282299;,
   -42.560398;73.817299;49.267899;,
   -47.802700;71.431297;49.332901;,
   -30.818899;38.182999;27.780701;,
   -40.269798;41.618000;31.295797;,
   -41.225399;39.817101;24.933100;,
   -31.007402;36.683399;24.774900;,
   -40.664200;45.661800;36.743999;,
   -46.710499;55.884197;36.863201;,
   -50.102001;48.123699;27.782900;,
   -42.092300;52.048401;42.283199;,
   -50.095600;62.119099;46.728001;,
   -44.929100;59.306099;56.950401;,
   -43.637501;67.764503;55.457195;,
   -47.802700;71.431297;49.332901;,
   -42.560398;73.817299;49.267899;,
   -40.189602;58.560600;59.776302;,
   -37.760201;62.277298;57.134598;,
   -57.489799;-51.993698;149.578003;,
   -50.429298;-59.726097;152.274002;,
   -58.174599;-59.149601;150.373993;,
   -52.921501;-49.642399;150.449005;,
   -46.120998;-54.009205;160.186005;,
   -47.341099;-64.385399;165.658005;,
   -51.955002;-72.715897;164.681000;,
   -58.354504;-64.974899;153.688995;,
   -55.550201;-45.778400;151.503006;,
   -53.259602;-43.804100;153.348999;,
   -53.174999;-43.076000;156.014999;,
   -50.841000;-50.385700;161.923996;,
   -50.060902;-58.774700;165.981003;,
   -50.470501;-68.687202;171.729004;,
   -48.754101;-76.759804;177.522995;,
   -57.028198;-50.912300;161.701004;,
   -60.020996;-61.871502;164.169998;,
   -54.395100;-70.124001;171.764999;,
   -55.045300;-74.217697;169.035004;,
   -51.955002;-72.715897;164.681000;,
   -56.057301;-43.799801;155.313004;,
   -60.406796;-49.237099;156.660004;,
   -62.534901;-56.640095;160.050003;,
   -60.981102;-67.243896;159.371994;,
   -58.354504;-64.974899;153.688995;,
   -53.259602;-43.804100;153.348999;,
   -55.550201;-45.778400;151.503006;,
   -59.869301;-49.250099;152.322006;,
   -62.571800;-54.938900;155.063004;,
   -62.212002;-62.040604;155.317001;,
   -58.174599;-59.149601;150.373993;,
   -60.402500;-56.083099;151.216995;,
   -57.489799;-51.993698;149.578003;,
   55.501598;-14.537400;149.542007;,
   56.525902;-20.559702;153.141006;,
   61.124001;-25.893801;149.485001;,
   52.299500;-13.819701;154.964996;,
   50.265800;-22.032700;155.725998;,
   45.148602;-11.876799;158.009003;,
   42.143299;-19.576700;155.457001;,
   47.047901;-27.232800;156.005005;,
   44.068401;-27.049700;154.701996;,
   58.287701;-11.393200;150.212006;,
   47.370602;-4.375990;156.705002;,
   35.927200;2.703160;162.022995;,
   38.387798;-11.743100;155.903000;,
   37.844200;-20.254400;147.733994;,
   42.478100;-28.645397;153.270996;,
   48.928699;-2.948810;150.751999;,
   48.880596;2.165110;153.699997;,
   40.334202;10.444100;158.848007;,
   28.579300;13.916701;165.097000;,
   22.851299;11.446100;162.220993;,
   29.822598;-3.118680;155.524994;,
   34.721401;-12.742200;150.475006;,
   29.267101;21.847300;162.016998;,
   22.542999;20.922100;163.524002;,
   19.884098;18.088200;160.343002;,
   20.912600;15.013200;155.591995;,
   21.997902;10.313400;156.337006;,
   30.796301;0.939110;149.957993;,
   24.794001;23.758101;159.848007;,
   21.239599;22.011400;157.382004;,
   34.601898;8.225390;149.473007;,
   42.498299;-6.170640;143.332993;,
   37.652699;-9.638570;145.498993;,
   22.729000;18.931299;153.921005;,
   29.079300;23.131298;157.505005;,
   40.334202;10.444100;158.848007;,
   48.880596;2.165110;153.699997;,
   48.928699;-2.948810;150.751999;,
   21.239599;22.011400;157.382004;,
   24.794001;23.758101;159.848007;,
   29.267101;21.847300;162.016998;,
   41.729004;-33.694500;149.348007;,
   42.441898;-30.356001;145.725006;,
   43.817200;-30.961798;141.800995;,
   44.710499;-16.555201;141.279007;,
   49.395901;-25.184500;138.970001;,
   50.529202;-24.485300;150.195999;,
   46.783100;-29.172197;150.233994;,
   42.441898;-30.356001;145.725006;,
   41.729004;-33.694500;149.348007;,
   52.884201;-12.044700;145.270996;,
   57.061497;-23.663200;143.188995;,
   58.287701;-11.393200;150.212006;,
   55.501598;-14.537400;149.542007;,
   61.124001;-25.893801;149.485001;,
   56.525902;-20.559702;153.141006;,
   50.265800;-22.032700;155.725998;,
   47.047901;-27.232800;156.005005;,
   44.068401;-27.049700;154.701996;,
   42.478100;-28.645397;153.270996;,
   -22.945898;47.565399;140.429001;,
   -21.560699;54.340405;132.955002;,
   -16.173300;49.502602;139.462997;,
   -28.084297;55.695396;135.597000;,
   -22.250698;57.664600;126.795998;,
   -28.951698;58.532200;128.080002;,
   -24.783701;61.048302;116.653008;,
   -26.507099;50.414799;141.929993;,
   -28.318701;55.570305;144.634995;,
   -27.186098;62.424000;139.281006;,
   -28.482800;65.886597;130.863998;,
   -29.674997;64.130997;118.811996;,
   -27.431101;67.258301;113.272003;,
   -23.901699;65.937302;112.088997;,
   -26.105900;49.926102;147.188004;,
   -24.844900;59.202503;147.841003;,
   -21.194201;65.023201;139.285004;,
   -22.474300;68.569504;131.304001;,
   -24.417101;71.387901;117.727997;,
   -27.964701;69.095100;117.311996;,
   -25.106300;70.742104;112.232002;,
   -18.621099;62.381496;146.539993;,
   -13.928800;60.445995;143.567993;,
   -16.083000;63.009499;136.675995;,
   -17.855400;65.139999;129.867004;,
   -21.037901;57.858597;150.281998;,
   -15.454701;57.728500;150.046005;,
   -11.629400;54.857204;144.212997;,
   -15.303299;58.812302;134.255005;,
   -17.820801;60.918900;127.829002;,
   -22.052200;51.767300;145.619995;,
   -12.922700;48.482201;148.477997;,
   -18.701700;48.435299;143.330994;,
   -16.173300;49.502602;139.462997;,
   -22.945898;47.565399;140.429001;,
   -26.105900;49.926102;147.188004;,
   -26.507099;50.414799;141.929993;,
   -12.922700;48.482201;148.477997;,
   -16.173300;49.502602;139.462997;,
   -21.560699;54.340405;132.955002;,
   -22.250698;57.664600;126.795998;,
   -20.798000;63.764198;114.643997;,
   -20.365000;67.552597;117.652008;,
   -22.633101;70.179199;113.904999;,
   -25.106300;70.742104;112.232002;,
   -23.901699;65.937302;112.088997;,
   -24.783701;61.048302;116.653008;,
   -25.880400;16.807899;151.910995;,
   -21.354603;29.515100;149.332001;,
   -22.265400;15.901200;152.432007;,
   -26.509701;27.270302;151.514999;,
   -26.191900;36.642502;151.195007;,
   -20.042299;38.470600;146.731995;,
   -25.061899;43.208099;147.873993;,
   -19.901501;51.256001;138.110001;,
   -24.992599;51.629902;139.710999;,
   -31.142700;13.590400;154.511993;,
   -32.124001;22.660700;157.938004;,
   -26.877298;36.788101;158.738007;,
   -25.842800;46.308800;154.240005;,
   -25.530399;59.264999;145.431000;,
   -31.045403;20.304701;160.742996;,
   -30.188801;24.643600;163.227005;,
   -21.859800;28.036301;165.891998;,
   -20.638300;35.872204;162.716995;,
   -19.628000;46.172501;158.391006;,
   -17.964399;58.687500;148.794998;,
   -28.054001;19.889099;166.292999;,
   -23.555599;19.165199;167.654999;,
   -17.139299;20.489403;163.718994;,
   -14.039699;33.457199;158.595001;,
   -13.603301;44.224499;154.037003;,
   -29.427698;18.363501;162.681000;,
   -28.480000;13.796200;165.901001;,
   -20.911400;14.540301;164.960999;,
   -22.070601;8.094360;162.171005;,
   -17.188299;17.481300;155.927002;,
   -16.249800;29.425600;151.908005;,
   -14.471301;40.169899;148.886993;,
   -14.996400;50.980000;140.643005;,
   -13.929000;55.180405;143.996994;,
   -22.265400;15.901200;152.432007;,
   -21.354603;29.515100;149.332001;,
   -20.042299;38.470600;146.731995;,
   -19.901501;51.256001;138.110001;,
   -20.655100;59.012100;141.544998;,
   -14.996400;50.980000;140.643005;,
   -19.901501;51.256001;138.110001;,
   -24.992599;51.629902;139.710999;,
   -29.427698;18.363501;162.681000;,
   -25.614700;13.851099;161.994003;,
   -28.480000;13.796200;165.901001;,
   -25.797199;13.075000;156.537994;,
   -22.070601;8.094360;162.171005;,
   -20.911400;14.540301;164.960999;,
   -31.045403;20.304701;160.742996;,
   -31.142700;13.590400;154.511993;,
   -25.880400;16.807899;151.910995;,
   -22.265400;15.901200;152.432007;,
   -64.453300;-51.733799;159.533997;,
   -66.308197;-46.752399;151.048004;,
   -65.112701;-56.027199;153.425003;,
   -62.041996;-55.788300;157.065002;,
   -61.560699;-56.183304;162.921997;,
   -55.911800;-52.182598;160.192001;,
   -59.376705;-48.884102;162.151993;,
   -64.453300;-51.733799;159.533997;,
   -58.069901;-58.738201;156.257004;,
   -64.195503;-62.478703;153.063004;,
   -59.628399;-70.344704;157.634003;,
   -55.013695;-68.982498;155.285004;,
   -49.276501;-58.946201;154.522003;,
   -47.637199;-56.934097;157.792999;,
   -46.143398;-56.099899;163.134995;,
   -48.163799;-48.926800;162.953995;,
   -53.967003;-44.106499;161.292999;,
   -57.821201;-35.382999;155.003006;,
   -66.308197;-46.752399;151.048004;,
   -60.078606;-28.125299;149.184998;,
   -42.731602;-50.034199;158.878998;,
   -50.108101;-36.777000;157.488998;,
   -49.444199;-19.235800;152.369995;,
   -55.239502;-20.079700;147.487000;,
   -48.111801;-17.173500;146.940994;,
   -44.139500;-22.667000;148.054993;,
   -43.993599;-56.255596;159.684998;,
   -43.994400;-55.673996;153.173996;,
   -43.549801;-40.106400;154.022995;,
   -44.503601;-25.982700;153.324005;,
   -47.637199;-56.934097;157.792999;,
   -49.276501;-58.946201;154.522003;,
   -46.208500;-57.860901;149.785004;,
   -44.717499;-41.122501;146.878998;,
   -42.660500;-30.552898;148.641998;,
   -44.279800;-30.145002;144.464005;,
   -49.051899;-25.511900;140.399994;,
   -48.111801;-17.173500;146.940994;,
   -49.208698;-62.829903;151.298004;,
   -53.605999;-61.192200;146.598999;,
   -52.747700;-40.324299;139.714005;,
   -55.013695;-68.982498;155.285004;,
   -59.618900;-68.095802;152.046005;,
   -58.326401;-55.935699;143.615997;,
   -59.628399;-70.344704;157.634003;,
   -64.195503;-62.478703;153.063004;,
   -63.807098;-58.092602;148.410004;,
   -64.256302;-49.609299;145.645004;,
   -61.627701;-38.432800;144.591003;,
   -53.315601;-24.708000;141.953003;,
   -65.112701;-56.027199;153.425003;,
   -66.308197;-46.752399;151.048004;,
   -60.078606;-28.125299;149.184998;,
   -55.239502;-20.079700;147.487000;,
   -55.501598;-14.537400;149.542007;,
   -61.124001;-25.893801;149.485001;,
   -56.525902;-20.559702;153.141006;,
   -52.299500;-13.819701;154.964996;,
   -58.287701;-11.393200;150.212006;,
   -45.148602;-11.876799;158.009003;,
   -47.370602;-4.375990;156.705002;,
   -48.928699;-2.948810;150.751999;,
   -48.880596;2.165110;153.699997;,
   -50.265800;-22.032700;155.725998;,
   -42.143299;-19.576700;155.457001;,
   -38.387798;-11.743100;155.903000;,
   -35.927200;2.703160;162.022995;,
   -40.334202;10.444100;158.848007;,
   -28.579300;13.916701;165.097000;,
   -29.267101;21.847300;162.016998;,
   -47.047901;-27.232800;156.005005;,
   -44.068401;-27.049700;154.701996;,
   -42.478100;-28.645397;153.270996;,
   -37.844200;-20.254400;147.733994;,
   -34.721401;-12.742200;150.475006;,
   -29.822598;-3.118680;155.524994;,
   -22.851299;11.446100;162.220993;,
   -22.542999;20.922100;163.524002;,
   -24.794001;23.758101;159.848007;,
   -41.729004;-33.694500;149.348007;,
   -42.441898;-30.356001;145.725006;,
   -43.817200;-30.961798;141.800995;,
   -44.710499;-16.555201;141.279007;,
   -37.652699;-9.638570;145.498993;,
   -30.796301;0.939110;149.957993;,
   -21.997902;10.313400;156.337006;,
   -49.395901;-25.184500;138.970001;,
   -52.884201;-12.044700;145.270996;,
   -42.498299;-6.170640;143.332993;,
   -34.601898;8.225390;149.473007;,
   -20.912600;15.013200;155.591995;,
   -50.529202;-24.485300;150.195999;,
   -57.061497;-23.663200;143.188995;,
   -46.783100;-29.172197;150.233994;,
   -42.478100;-28.645397;153.270996;,
   -44.068401;-27.049700;154.701996;,
   -47.047901;-27.232800;156.005005;,
   -50.265800;-22.032700;155.725998;,
   -56.525902;-20.559702;153.141006;,
   -61.124001;-25.893801;149.485001;,
   -42.441898;-30.356001;145.725006;,
   -41.729004;-33.694500;149.348007;,
   -55.501598;-14.537400;149.542007;,
   -58.287701;-11.393200;150.212006;,
   -48.928699;-2.948810;150.751999;,
   -48.880596;2.165110;153.699997;,
   -40.334202;10.444100;158.848007;,
   -29.079300;23.131298;157.505005;,
   -22.729000;18.931299;153.921005;,
   -21.239599;22.011400;157.382004;,
   -24.794001;23.758101;159.848007;,
   -29.267101;21.847300;162.016998;,
   -21.239599;22.011400;157.382004;,
   -19.884098;18.088200;160.343002;,
   22.945898;47.565399;140.429001;,
   16.173300;49.502602;139.462997;,
   21.560699;54.340405;132.955002;,
   28.084297;55.695396;135.597000;,
   26.507099;50.414799;141.929993;,
   28.318701;55.570305;144.634995;,
   26.105900;49.926102;147.188004;,
   24.844900;59.202503;147.841003;,
   22.250698;57.664600;126.795998;,
   28.951698;58.532200;128.080002;,
   28.482800;65.886597;130.863998;,
   27.186098;62.424000;139.281006;,
   24.783701;61.048302;116.653008;,
   29.674997;64.130997;118.811996;,
   27.964701;69.095100;117.311996;,
   24.417101;71.387901;117.727997;,
   22.474300;68.569504;131.304001;,
   21.194201;65.023201;139.285004;,
   27.431101;67.258301;113.272003;,
   25.106300;70.742104;112.232002;,
   23.901699;65.937302;112.088997;,
   18.621099;62.381496;146.539993;,
   13.928800;60.445995;143.567993;,
   15.454701;57.728500;150.046005;,
   21.037901;57.858597;150.281998;,
   22.052200;51.767300;145.619995;,
   26.105900;49.926102;147.188004;,
   26.507099;50.414799;141.929993;,
   16.083000;63.009499;136.675995;,
   15.303299;58.812302;134.255005;,
   11.629400;54.857204;144.212997;,
   12.922700;48.482201;148.477997;,
   16.173300;49.502602;139.462997;,
   17.855400;65.139999;129.867004;,
   17.820801;60.918900;127.829002;,
   22.250698;57.664600;126.795998;,
   21.560699;54.340405;132.955002;,
   20.365000;67.552597;117.652008;,
   20.798000;63.764198;114.643997;,
   24.783701;61.048302;116.653008;,
   23.901699;65.937302;112.088997;,
   22.633101;70.179199;113.904999;,
   25.106300;70.742104;112.232002;,
   22.945898;47.565399;140.429001;,
   18.701700;48.435299;143.330994;,
   16.173300;49.502602;139.462997;,
   12.922700;48.482201;148.477997;,
   25.880400;16.807899;151.910995;,
   22.265400;15.901200;152.432007;,
   21.354603;29.515100;149.332001;,
   26.509701;27.270302;151.514999;,
   31.142700;13.590400;154.511993;,
   32.124001;22.660700;157.938004;,
   31.045403;20.304701;160.742996;,
   26.191900;36.642502;151.195007;,
   26.877298;36.788101;158.738007;,
   30.188801;24.643600;163.227005;,
   28.054001;19.889099;166.292999;,
   29.427698;18.363501;162.681000;,
   28.480000;13.796200;165.901001;,
   20.042299;38.470600;146.731995;,
   25.061899;43.208099;147.873993;,
   25.842800;46.308800;154.240005;,
   19.628000;46.172501;158.391006;,
   20.638300;35.872204;162.716995;,
   21.859800;28.036301;165.891998;,
   19.901501;51.256001;138.110001;,
   24.992599;51.629902;139.710999;,
   25.530399;59.264999;145.431000;,
   17.964399;58.687500;148.794998;,
   13.603301;44.224499;154.037003;,
   14.039699;33.457199;158.595001;,
   17.139299;20.489403;163.718994;,
   23.555599;19.165199;167.654999;,
   20.911400;14.540301;164.960999;,
   20.655100;59.012100;141.544998;,
   13.929000;55.180405;143.996994;,
   14.996400;50.980000;140.643005;,
   14.471301;40.169899;148.886993;,
   24.992599;51.629902;139.710999;,
   19.901501;51.256001;138.110001;,
   14.996400;50.980000;140.643005;,
   19.901501;51.256001;138.110001;,
   20.042299;38.470600;146.731995;,
   16.249800;29.425600;151.908005;,
   17.188299;17.481300;155.927002;,
   22.070601;8.094360;162.171005;,
   21.354603;29.515100;149.332001;,
   22.265400;15.901200;152.432007;,
   25.614700;13.851099;161.994003;,
   20.911400;14.540301;164.960999;,
   22.070601;8.094360;162.171005;,
   28.480000;13.796200;165.901001;,
   29.427698;18.363501;162.681000;,
   25.797199;13.075000;156.537994;,
   31.045403;20.304701;160.742996;,
   31.142700;13.590400;154.511993;,
   22.265400;15.901200;152.432007;,
   25.880400;16.807899;151.910995;,
   64.453300;-51.733799;159.533997;,
   65.112701;-56.027199;153.425003;,
   66.308197;-46.752399;151.048004;,
   62.041996;-55.788300;157.065002;,
   58.069901;-58.738201;156.257004;,
   64.195503;-62.478703;153.063004;,
   59.628399;-70.344704;157.634003;,
   55.013695;-68.982498;155.285004;,
   49.276501;-58.946201;154.522003;,
   61.560699;-56.183304;162.921997;,
   55.911800;-52.182598;160.192001;,
   47.637199;-56.934097;157.792999;,
   46.143398;-56.099899;163.134995;,
   59.376705;-48.884102;162.151993;,
   53.967003;-44.106499;161.292999;,
   48.163799;-48.926800;162.953995;,
   42.731602;-50.034199;158.878998;,
   43.993599;-56.255596;159.684998;,
   47.637199;-56.934097;157.792999;,
   64.453300;-51.733799;159.533997;,
   57.821201;-35.382999;155.003006;,
   50.108101;-36.777000;157.488998;,
   43.549801;-40.106400;154.022995;,
   43.994400;-55.673996;153.173996;,
   49.276501;-58.946201;154.522003;,
   66.308197;-46.752399;151.048004;,
   60.078606;-28.125299;149.184998;,
   49.444199;-19.235800;152.369995;,
   44.503601;-25.982700;153.324005;,
   42.660500;-30.552898;148.641998;,
   44.717499;-41.122501;146.878998;,
   46.208500;-57.860901;149.785004;,
   55.239502;-20.079700;147.487000;,
   48.111801;-17.173500;146.940994;,
   44.139500;-22.667000;148.054993;,
   44.279800;-30.145002;144.464005;,
   52.747700;-40.324299;139.714005;,
   53.605999;-61.192200;146.598999;,
   49.208698;-62.829903;151.298004;,
   55.013695;-68.982498;155.285004;,
   49.051899;-25.511900;140.399994;,
   53.315601;-24.708000;141.953003;,
   61.627701;-38.432800;144.591003;,
   64.256302;-49.609299;145.645004;,
   58.326401;-55.935699;143.615997;,
   48.111801;-17.173500;146.940994;,
   55.239502;-20.079700;147.487000;,
   60.078606;-28.125299;149.184998;,
   66.308197;-46.752399;151.048004;,
   65.112701;-56.027199;153.425003;,
   63.807098;-58.092602;148.410004;,
   59.618900;-68.095802;152.046005;,
   64.195503;-62.478703;153.063004;,
   59.628399;-70.344704;157.634003;,
   42.120800;-20.710800;52.665298;,
   44.696201;-21.078699;51.395401;,
   45.158001;-18.325399;50.037800;,
   45.905998;-21.251499;39.890598;,
   42.630199;-16.087400;45.743698;,
   39.258301;-17.432199;46.798302;,
   38.511200;-20.195101;48.451000;,
   34.745804;-19.657200;35.570599;,
   47.358501;-16.666201;32.349098;,
   41.523399;-13.700000;33.814301;,
   38.203899;-15.847800;34.450298;,
   36.080101;-16.857403;26.962500;,
   35.191799;-19.720900;26.246799;,
   39.241402;-20.299400;18.452000;,
   49.813499;-21.809702;31.521700;,
   58.122597;-20.370701;23.433901;,
   53.849899;-16.955200;22.329500;,
   45.421902;-12.954001;24.191500;,
   40.205002;-14.695800;21.902901;,
   48.672798;-21.646797;15.102899;,
   58.427898;-23.040300;23.114901;,
   57.303001;-22.879601;17.716400;,
   57.387295;-25.517700;23.433901;,
   58.427898;-23.040300;23.114901;,
   49.813499;-21.809702;31.521700;,
   57.303001;-22.879601;17.716400;,
   52.329201;-27.600302;22.329500;,
   48.672798;-21.646797;15.102899;,
   46.016499;-26.060101;32.349098;,
   43.118000;-29.081600;24.191500;,
   38.597500;-25.948797;21.902901;,
   39.241402;-20.299400;18.452000;,
   35.242802;-22.718700;26.962500;,
   35.191799;-19.720900;26.246799;,
   45.905998;-21.251499;39.890598;,
   41.315300;-25.291901;45.743698;,
   39.584301;-27.273798;33.814301;,
   36.999001;-24.282600;34.450298;,
   34.745804;-19.657200;35.570599;,
   44.368599;-23.851200;50.037800;,
   42.120800;-20.710800;52.665298;,
   38.454800;-23.056700;46.798302;,
   38.511200;-20.195101;48.451000;,
   44.696201;-21.078699;51.395401;,
   53.259602;-43.804100;153.348999;,
   55.550201;-45.778400;151.503006;,
   52.921501;-49.642399;150.449005;,
   57.489799;-51.993698;149.578003;,
   50.429298;-59.726097;152.274002;,
   46.120998;-54.009205;160.186005;,
   53.174999;-43.076000;156.014999;,
   58.174599;-59.149601;150.373993;,
   58.354504;-64.974899;153.688995;,
   51.955002;-72.715897;164.681000;,
   47.341099;-64.385399;165.658005;,
   50.060902;-58.774700;165.981003;,
   50.841000;-50.385700;161.923996;,
   57.028198;-50.912300;161.701004;,
   56.057301;-43.799801;155.313004;,
   53.259602;-43.804100;153.348999;,
   48.754101;-76.759804;177.522995;,
   50.470501;-68.687202;171.729004;,
   54.395100;-70.124001;171.764999;,
   60.020996;-61.871502;164.169998;,
   55.045300;-74.217697;169.035004;,
   60.981102;-67.243896;159.371994;,
   62.534901;-56.640095;160.050003;,
   60.406796;-49.237099;156.660004;,
   51.955002;-72.715897;164.681000;,
   58.354504;-64.974899;153.688995;,
   62.212002;-62.040604;155.317001;,
   62.571800;-54.938900;155.063004;,
   59.869301;-49.250099;152.322006;,
   55.550201;-45.778400;151.503006;,
   58.174599;-59.149601;150.373993;,
   60.402500;-56.083099;151.216995;,
   57.489799;-51.993698;149.578003;,
   29.256899;-46.400200;54.501900;,
   31.219700;-47.830502;53.316399;,
   32.805302;-45.762001;52.049099;,
   32.141701;-48.502300;42.576401;,
   31.700100;-42.810501;48.040401;,
   28.330997;-42.444000;49.024899;,
   26.506001;-44.395500;50.567699;,
   23.636200;-42.304298;38.543499;,
   35.345901;-45.356701;35.535999;,
   31.831902;-40.357399;36.903900;,
   28.154800;-40.676102;37.497601;,
   25.961700;-40.579300;30.507502;,
   23.976200;-42.551998;29.839397;,
   27.062498;-44.801102;22.562700;,
   35.119801;-50.672401;34.763699;,
   42.601398;-53.121498;27.213398;,
   40.572498;-48.435398;26.182400;,
   35.373199;-41.448101;27.920603;,
   30.309097;-40.601700;25.784201;,
   34.250401;-50.038898;19.436102;,
   41.685001;-55.456600;26.915703;,
   40.827702;-54.831802;21.875999;,
   39.742901;-57.044102;27.213398;,
   41.685001;-55.456600;26.915703;,
   35.119801;-50.672401;34.763699;,
   40.827702;-54.831802;21.875999;,
   34.660599;-56.548302;26.182400;,
   34.250401;-50.038898;19.436102;,
   30.128799;-52.515999;35.535999;,
   26.416500;-53.739304;27.920603;,
   24.059603;-49.177898;25.784201;,
   27.062498;-44.801102;22.562700;,
   22.706499;-45.046398;30.507502;,
   23.976200;-42.551998;29.839397;,
   32.141701;-48.502300;42.576401;,
   26.588200;-49.825401;48.040401;,
   24.293501;-50.702400;36.903900;,
   23.470400;-47.104500;37.497601;,
   23.636200;-42.304298;38.543499;,
   29.736500;-49.973400;52.049099;,
   29.256899;-46.400200;54.501900;,
   25.207399;-46.730598;49.024899;,
   26.506001;-44.395500;50.567699;,
   31.219700;-47.830502;53.316399;,
   70.710403;-78.677597;48.518700;,
   71.707703;-77.334198;48.483299;,
   70.772202;-76.652496;36.907600;,
   72.426697;-77.858101;54.397701;,
   72.681000;-75.973297;48.518700;,
   69.064796;-79.387497;37.121601;,
   68.569000;-80.225800;43.659500;,
   70.749901;-82.519798;46.445499;,
   79.825203;-83.249496;41.772400;,
   76.350601;-74.834000;46.445499;,
   67.192497;-74.043999;32.495098;,
   64.480400;-77.506699;32.346199;,
   65.070801;-80.614998;38.130299;,
   67.096100;-84.718300;37.434299;,
   72.852600;-74.189400;37.121601;,
   69.657997;-70.401497;32.346199;,
   66.786400;-73.748001;24.747601;,
   73.498802;-73.460602;43.659500;,
   72.797699;-70.011299;38.130299;,
   69.665199;-66.381500;34.791599;,
   67.310600;-63.507500;23.013100;,
   69.837898;-69.952301;24.630301;,
   77.324097;-70.682297;37.434299;,
   74.690300;-66.232300;34.298401;,
   72.903000;-64.494698;25.607403;,
   70.547600;-67.370003;21.926203;,
   81.359596;-81.007896;30.023600;,
   80.396896;-76.944298;23.913799;,
   76.087402;-69.431099;22.177500;,
   72.359703;-71.099098;18.051500;,
   69.248596;-75.542198;18.875999;,
   80.930702;-84.055000;31.605501;,
   82.918999;-85.503998;20.074499;,
   83.273499;-83.510201;19.637100;,
   77.432800;-73.955498;15.742000;,
   72.587303;-75.334000;8.815170;,
   78.161400;-85.396797;30.023600;,
   81.129700;-86.452103;19.637100;,
   78.819000;-82.516197;8.407601;,
   76.702301;-75.997597;7.499410;,
   73.998299;-85.725098;23.913799;,
   70.245102;-83.819099;15.742000;,
   71.965302;-82.498199;7.499410;,
   70.972298;-76.798302;-1.005550;,
   71.312202;-77.045998;8.789120;,
   65.526199;-83.924301;22.177500;,
   65.972099;-79.864799;18.051500;,
   70.073097;-78.784302;8.815170;,
   64.107903;-77.815598;24.630301;,
   62.053101;-83.574203;34.298401;,
   59.851604;-82.405197;25.607403;,
   61.867100;-79.282204;21.926203;,
   57.198700;-77.384003;23.013100;,
   60.655899;-78.745003;34.791599;,
   62.691105;-64.161797;37.925598;,
   52.491798;-63.331501;33.755001;,
   58.560699;-67.753899;41.232700;,
   53.256302;-60.139801;29.755600;,
   44.620998;-57.596001;30.803402;,
   46.910599;-54.946899;25.702299;,
   41.485901;-52.184299;24.178101;,
   39.779400;-54.067905;22.745102;,
   66.740799;-68.542801;48.124100;,
   69.928596;-63.400303;37.946098;,
   60.092197;-60.570900;29.322001;,
   52.464500;-55.942799;20.865400;,
   39.825699;-48.047699;19.207197;,
   63.444405;-71.312698;51.267399;,
   68.920700;-75.303299;48.315800;,
   70.787598;-70.011101;44.031700;,
   71.328201;-69.424103;37.719002;,
   65.221703;-65.492401;30.773600;,
   57.948498;-67.307800;24.541000;,
   74.461502;-75.571297;41.279202;,
   69.159798;-75.477600;34.333801;,
   63.552696;-71.391602;29.435497;,
   72.261200;-77.737602;40.925598;,
   52.730900;-63.505695;18.665701;,
   46.438801;-53.875301;12.918800;,
   44.804199;-49.927799;14.815200;,
   35.692699;-46.403900;14.554600;,
   31.233402;-45.931400;19.735800;,
   36.946400;-49.486599;21.099899;,
   46.406300;-58.896999;11.305200;,
   39.980900;-54.214802;9.931790;,
   34.105999;-49.933701;12.380900;,
   30.412001;-47.241901;16.240700;,
   30.216499;-47.099400;19.825100;,
   36.101898;-51.388100;20.147100;,
   39.980900;-54.214802;9.931790;,
   31.231901;-52.525398;14.554600;,
   34.105999;-49.933701;12.380900;,
   37.377602;-60.119396;14.815200;,
   34.062801;-55.956100;19.207197;,
   29.416203;-48.425201;19.735800;,
   30.412001;-47.241901;16.240700;,
   41.636002;-60.466202;12.918800;,
   45.449902;-65.568802;20.865400;,
   42.800598;-60.587105;25.702299;,
   38.509102;-56.269299;24.178101;,
   34.550499;-52.774502;21.099899;,
   46.406300;-58.896999;11.305200;,
   52.730900;-63.505695;18.665701;,
   57.948498;-67.307800;24.541000;,
   52.192101;-71.412201;29.322001;,
   49.687698;-65.037003;29.755600;,
   44.620998;-57.596001;30.803402;,
   39.779400;-54.067905;22.745102;,
   36.101898;-51.388100;20.147100;,
   58.448299;-74.787498;30.773600;,
   57.898701;-79.908997;37.946098;,
   56.406597;-72.786201;37.925598;,
   52.491798;-63.331501;33.755001;,
   63.552696;-71.391602;29.435497;,
   69.159798;-75.477600;34.333801;,
   64.061600;-79.396004;37.719002;,
   64.454803;-78.701599;44.031700;,
   61.817505;-75.299103;48.124100;,
   58.560699;-67.753899;41.232700;,
   70.873100;-80.495598;41.279202;,
   68.920700;-75.303299;48.315800;,
   63.444405;-71.312698;51.267399;,
   72.261200;-77.737602;40.925598;,
