xof 0303txt 0032
template VertexDuplicationIndices {
 <b8d65549-d7c9-4995-89cf-53a9a8b031e3>
 DWORD nIndices;
 DWORD nOriginalVertices;
 array DWORD indices[nIndices];
}

template EffectParamDWord {
 <e13963bc-ae51-4c5d-b00f-cfa3a9d97ce5>
 STRING ParamName;
 DWORD Value;
}

template FVFData {
 <b6e70a0e-8ef9-4e83-94ad-ecc8b0c04897>
 DWORD dwFVF;
 DWORD nDWords;
 array DWORD data[nDWords];
}

template EffectFloats {
 <f1cfe2b3-0de3-4e28-afa1-155a750a282d>
 DWORD nFloats;
 array FLOAT Floats[nFloats];
}

template EffectString {
 <d55b097e-bdb6-4c52-b03d-6051c89d0e42>
 STRING Value;
}

template EffectDWord {
 <622c0ed0-956e-4da9-908a-2af94f3ce716>
 DWORD Value;
}

template EffectInstance {
 <e331f7e4-0559-4cc2-8e99-1cec1657928f>
 STRING EffectFilename;
 [...]
}

template AnimTicksPerSecond {
 <9e415a43-7ba6-4a73-8743-b73d47e88476>
 DWORD AnimTicksPerSecond;
}

template VertexElement {
 <f752461c-1e23-48f6-b9f8-8350850f336f>
 DWORD Type;
 DWORD Method;
 DWORD Usage;
 DWORD UsageIndex;
}

template DeclData {
 <bf22e553-292c-4781-9fea-62bd554bdd93>
 DWORD nElements;
 array VertexElement Elements[nElements];
 DWORD nDWords;
 array DWORD data[nDWords];
}

template EffectParamFloats {
 <3014b9a0-62f5-478c-9b86-e4ac9f4e418b>
 STRING ParamName;
 DWORD nFloats;
 array FLOAT Floats[nFloats];
}

template EffectParamString {
 <1dbc4c88-94c1-46ee-9076-2c28818c9481>
 STRING ParamName;
 STRING Value;
}


AnimTicksPerSecond {
 4800;
}

Frame {
 

 FrameTransformMatrix {
  1.000000,0.000000,0.000000,0.000000,0.000000,1.000000,0.000000,0.000000,0.000000,0.000000,1.000000,0.000000,0.000000,0.000000,0.000000,1.000000;;
 }

 Frame Armature {
  

  FrameTransformMatrix {
   39.370079,0.000000,-0.000000,0.000000,-0.000000,0.000002,-39.370075,0.000000,0.000000,39.370075,0.000002,0.000000,0.000000,0.000000,0.000000,1.000000;;
  }

  Frame Root {
   

   FrameTransformMatrix {
    -0.991490,0.076084,0.105627,0.000000,-0.020102,-0.891171,0.453221,0.000000,0.128614,0.447241,0.885118,0.000000,-3.789244,16.475853,38.792355,1.000000;;
   }

   Frame Bottom {
    

    FrameTransformMatrix {
     0.941537,0.100209,-0.321662,0.000000,-0.179316,0.957331,-0.226634,0.000000,0.285227,0.271063,0.919331,0.000000,0.000000,-0.460116,-5.364091,1.000000;;
    }

    Frame R_Waist2 {
     

     FrameTransformMatrix {
      -0.469647,0.519108,-0.714113,0.000000,0.751074,0.660067,-0.014135,0.000000,0.464025,-0.542990,-0.699887,0.000000,-15.736177,12.356381,4.873155,1.000000;;
     }

     Frame R_Skirt2 {
      

      FrameTransformMatrix {
       0.988618,-0.135485,-0.065405,0.000000,0.115863,0.962967,-0.243457,0.000000,0.095968,0.233108,0.967704,0.000000,23.423971,-5.220564,-3.197704,1.000000;;
      }
     }
    }

    Frame R_Waist1 {
     

     FrameTransformMatrix {
      -0.447015,-0.133459,-0.884514,0.000000,-0.558002,0.814442,0.159117,0.000000,0.699150,0.564688,-0.438538,0.000000,-16.877319,-9.848040,3.951673,1.000000;;
     }

     Frame R_Skirt1 {
      

      FrameTransformMatrix {
       0.959464,-0.275571,-0.059064,0.000000,0.263132,0.950980,-0.162478,0.000000,0.100943,0.140351,0.984943,0.000000,22.496546,0.942759,-10.617544,1.000000;;
      }
     }
    }

    Frame F_Skirt1 {
     

     FrameTransformMatrix {
      -0.072438,0.381121,0.921683,0.000000,-0.992142,0.066987,-0.105675,0.000000,-0.102015,-0.922095,0.373274,0.000000,0.070314,-20.014889,2.050632,1.000000;;
     }

     Frame F_Skirt2 {
      

      FrameTransformMatrix {
       0.987244,-0.058731,-0.147986,0.000000,0.103197,0.943843,0.313863,0.000000,0.121242,-0.325131,0.937864,0.000000,-15.384428,3.785067,1.429167,1.000000;;
      }
     }
    }

    Frame B_Skirt1 {
     

     FrameTransformMatrix {
      0.213769,-0.767022,0.604963,0.000000,0.961572,0.056000,-0.268779,0.000000,0.172282,0.639172,0.749518,0.000000,1.316423,25.615303,-1.914281,1.000000;;
     }

     Frame B_Skirt2 {
      

      FrameTransformMatrix {
       0.975847,0.113005,0.186953,0.000000,-0.063079,0.965115,-0.254114,0.000000,-0.209147,0.236184,0.948933,0.000000,-18.492357,-1.490376,0.091502,1.000000;;
      }
     }
    }

    Frame L_Waist2 {
     

     FrameTransformMatrix {
      -0.469769,-0.519239,0.713938,0.000000,0.751024,-0.660125,0.014070,0.000000,0.463983,0.542795,0.700067,0.000000,9.901622,13.646600,5.032337,1.000000;;
     }

     Frame L_Skirt2 {
      

      FrameTransformMatrix {
       0.833981,0.481044,-0.270319,0.000000,-0.488817,0.871350,0.042517,0.000000,0.255994,0.096678,0.961832,0.000000,-26.638231,-2.086219,0.073247,1.000000;;
      }
     }
    }

    Frame L_Waist1 {
     

     FrameTransformMatrix {
      -0.447094,0.133575,0.884457,0.000000,-0.558075,-0.814392,-0.159114,0.000000,0.699041,-0.564733,0.438655,0.000000,17.297400,-9.490673,3.794478,1.000000;;
     }

     Frame L_Skirt1 {
      

      FrameTransformMatrix {
       0.841820,0.136977,-0.522088,0.000000,-0.041237,0.980757,0.190825,0.000000,0.538180,-0.139111,0.831270,0.000000,-15.033203,-4.664134,4.060047,1.000000;;
      }
     }
    }
   }

   Frame Spine1 {
    

    FrameTransformMatrix {
     0.985027,-0.153786,-0.077926,0.000000,0.152060,0.987984,-0.027650,0.000000,0.081242,0.015387,0.996576,0.000000,0.000000,-0.389018,13.486300,1.000000;;
    }

    Frame R_Scroll {
     

     FrameTransformMatrix {
      0.983039,0.175392,-0.053597,0.000000,0.177554,-0.836969,0.517646,0.000000,0.045932,-0.518382,-0.853914,0.000000,-35.473591,-26.969730,3.193777,1.000000;;
     }

     Frame R_ScrollFlap {
      

      FrameTransformMatrix {
       0.999924,0.003340,-0.011844,0.000000,-0.004301,0.996614,-0.082104,0.000000,0.011530,0.082149,0.996553,0.000000,0.000008,-0.000003,7.596999,1.000000;;
      }
     }
    }

    Frame L_Staff {
     

     FrameTransformMatrix {
      0.797975,-0.602486,0.015673,0.000000,-0.008859,0.014276,0.999859,0.000000,-0.602625,-0.798002,0.006055,0.000000,38.860310,-13.307072,3.646286,1.000000;;
     }
    }

    Frame R_Clavicle {
     

     FrameTransformMatrix {
      0.999622,0.015951,-0.022395,0.000000,0.016084,-0.999854,0.005779,0.000000,-0.022299,-0.006137,-0.999732,0.000000,-7.875659,-1.530971,9.791067,1.000000;;
     }

     Frame R_Shoulder {
      

      FrameTransformMatrix {
       -0.997018,0.076802,0.007518,0.000000,-0.056874,-0.797159,0.601085,0.000000,0.052158,0.598865,0.799150,0.000000,-8.139030,-2.299798,5.280004,1.000000;;
      }

      Frame R_Elbow {
       

       FrameTransformMatrix {
        0.034916,-0.998646,0.038559,0.000000,0.994760,0.031019,-0.097416,0.000000,0.096088,0.041759,0.994497,0.000000,18.931795,0.000031,-0.000014,1.000000;;
       }

       Frame R_Hand {
        

        FrameTransformMatrix {
         0.985375,-0.082608,-0.149040,0.000000,0.100196,0.988341,0.114640,0.000000,0.137833,-0.127897,0.982163,0.000000,12.104692,0.000030,-0.000018,1.000000;;
        }
       }
      }
     }
    }

    Frame L_Clavicle {
     

     FrameTransformMatrix {
      0.989376,-0.109661,0.095442,0.000000,0.113820,0.992725,-0.039262,0.000000,-0.090442,0.049708,0.994660,0.000000,7.875659,-1.530989,9.791065,1.000000;;
     }

     Frame L_Shoulder {
      

      FrameTransformMatrix {
       -0.752020,-0.599920,0.273058,0.000000,0.595537,-0.795954,-0.108597,0.000000,0.282491,0.080949,0.955848,0.000000,8.139078,2.299781,-5.279980,1.000000;;
      }

      Frame L_Elbow {
       

       FrameTransformMatrix {
        0.086676,-0.995636,0.034593,0.000000,0.992059,0.083084,-0.094423,0.000000,0.091137,0.042502,0.994931,0.000000,-13.932303,-0.000001,-0.000005,1.000000;;
       }

       Frame L_Hand {
        

        FrameTransformMatrix {
         0.978135,-0.133829,-0.159191,0.000000,0.174504,0.111730,0.978297,0.000000,-0.113138,-0.984686,0.132640,0.000000,-12.104601,0.000000,-0.000005,1.000000;;
        }
       }
      }
     }
    }

    Frame Head {
     

     FrameTransformMatrix {
      0.972210,0.200782,-0.120392,0.000000,-0.229938,0.915594,-0.329871,0.000000,0.043998,0.348387,0.936318,0.000000,-2.320546,-2.559031,22.492105,1.000000;;
     }

     Frame Hood1 {
      

      FrameTransformMatrix {
       0.035116,-0.947025,0.319235,0.000000,0.999308,0.029353,-0.022845,0.000000,0.012264,0.319816,0.947400,0.000000,0.048882,11.274102,15.469996,1.000000;;
      }

      Frame Hood2 {
       

       FrameTransformMatrix {
        0.997991,-0.041721,-0.047674,0.000000,0.041795,0.999126,0.000548,0.000000,0.047609,-0.002539,0.998863,0.000000,-12.999301,0.000000,0.000008,1.000000;;
       }
      }
     }
    }
   }
  }
 }

 Frame Model {
  

  FrameTransformMatrix {
   39.370079,0.000000,0.000003,0.000000,0.000003,-0.000006,-39.370079,0.000000,0.000000,39.370079,-0.000006,0.000000,-0.000000,-0.000038,0.000038,1.000000;;
  }

  Mesh Model {
   1022;
   -47.666100;-16.102100;35.830299;,
   -53.306702;-16.439501;35.582500;,
   -48.827000;-5.430960;33.487202;,
   -44.778801;-4.209070;34.329498;,
   -48.189499;-11.928600;40.811600;,
   -45.937698;-2.285590;38.449902;,
   -49.164700;-2.693330;38.865002;,
   -52.736801;-11.480200;41.617298;,
   -50.880199;10.884600;33.546299;,
   -46.416698;11.280501;35.092499;,
   -47.098301;10.942600;39.385399;,
   -50.796700;10.852800;39.746700;,
   -52.615601;10.665300;36.728298;,
   -50.529400;-4.330630;36.230000;,
   -55.848095;-14.102499;38.490799;,
   -52.974201;21.952700;33.907101;,
   -47.104500;23.736000;35.545700;,
   -48.261501;24.114403;39.469299;,
   -51.360001;24.358101;40.095299;,
   -53.780499;22.297501;37.018101;,
   -51.912701;29.190903;33.058899;,
   -44.705601;29.736500;35.155201;,
   -44.426601;34.812801;42.767502;,
   -49.421001;33.147400;41.370201;,
   -53.031502;31.559698;36.852200;,
   -51.912701;29.190903;33.058899;,
   -52.974201;21.952700;33.907101;,
   -50.880199;10.884600;33.546299;,
   -48.827000;-5.430960;33.487202;,
   -53.306702;-16.439501;35.582500;,
   -55.848095;-14.102499;38.490799;,
   -53.306702;-16.439501;35.582500;,
   -52.736801;-11.480200;41.617298;,
   -48.189499;-11.928600;40.811600;,
   -47.666100;-16.102100;35.830299;,
   -49.378399;38.624100;31.209101;,
   -51.912701;29.190903;33.058899;,
   -53.031502;31.559698;36.852200;,
   -51.605404;46.116901;42.236900;,
   -50.746601;48.305401;39.084801;,
   -53.430401;52.688999;41.731602;,
   -54.845100;51.400902;45.722500;,
   -61.270702;61.263897;39.361500;,
   -63.619499;62.063004;44.631599;,
   -49.061298;41.259701;43.876499;,
   -46.934200;46.274899;46.187401;,
   -53.277100;53.972500;49.105000;,
   -51.039700;58.330002;48.853500;,
   -61.261395;66.947800;45.818001;,
   -55.107105;63.992901;43.621700;,
   -49.421001;33.147400;41.370201;,
   -44.426601;34.812801;42.767502;,
   -42.285000;39.339199;45.513302;,
   -39.553600;44.078499;43.071400;,
   -43.552601;48.663300;44.334999;,
   -50.241600;59.571003;44.804100;,
   -39.131901;40.730301;43.727402;,
   -39.753399;37.864399;38.062500;,
   -39.004700;46.142700;36.824299;,
   -44.503899;49.858700;36.047501;,
   -44.705601;29.736500;35.155201;,
   -44.075699;38.209999;33.783100;,
   -39.333698;45.816700;28.464300;,
   -42.713402;50.631599;25.837400;,
   -44.118198;50.113499;30.620098;,
   -48.398102;38.555500;29.503599;,
   -45.806000;43.585899;26.540600;,
   -39.103298;48.664902;23.673201;,
   -51.912701;29.190903;33.058899;,
   -49.378399;38.624100;31.209101;,
   -48.533001;57.433403;23.419203;,
   -47.128399;57.275097;19.843800;,
   -56.455898;62.265301;21.016701;,
   -57.402004;59.133797;26.346701;,
   -60.627003;63.591698;23.013397;,
   -60.614300;63.618702;23.058800;,
   -59.224903;61.520996;33.797199;,
   -40.926701;51.371899;18.580900;,
   -49.683899;53.295101;18.394899;,
   -57.123405;57.794201;19.512100;,
   -63.560497;60.525196;22.497700;,
   -43.643799;47.928501;16.608400;,
   -49.450199;47.852100;24.150600;,
   -56.909996;54.348499;26.495899;,
   -62.832104;56.599503;24.687099;,
   -67.007599;61.316498;31.386297;,
   -67.217499;59.197903;39.423599;,
   -68.226700;65.438004;44.738602;,
   -68.679199;62.910194;37.653301;,
   -69.403099;69.656601;42.252201;,
   -66.203003;66.028503;37.822701;,
   -66.728500;70.398903;41.489201;,
   -61.763596;65.125504;38.312401;,
   -64.257599;71.184196;43.790501;,
   -58.628696;66.998001;41.281200;,
   -66.965401;69.771797;46.749500;,
   -68.624702;74.850700;44.158600;,
   -68.299599;76.413696;41.025002;,
   -68.624702;74.850700;44.158600;,
   -66.965401;69.771797;46.749500;,
   -61.261395;66.947800;45.818001;,
   -63.619499;62.063004;44.631599;,
   -68.226700;65.438004;44.738602;,
   -67.217499;59.197903;39.423599;,
   -61.270702;61.263897;39.361500;,
   -46.416199;41.886700;26.295900;,
   -47.388500;43.629501;35.443401;,
   -50.086899;32.036400;27.895901;,
   -51.505600;41.748604;24.194201;,
   -48.359299;59.477402;22.606100;,
   -57.570702;64.985497;25.596600;,
   -58.164200;50.971100;27.343002;,
   -59.845402;60.655998;31.530100;,
   -60.475399;73.846298;37.276699;,
   -53.666302;38.157200;31.337502;,
   -62.119999;56.326401;37.463600;,
   -55.594002;73.793900;45.065201;,
   -51.186100;55.869202;45.667702;,
   -47.388500;43.629501;35.443401;,
   -60.475399;73.846298;37.276699;,
   -55.594002;73.793900;45.065201;,
   -51.714401;90.561302;45.336700;,
   -50.206501;79.537003;34.638199;,
   -57.570702;64.985497;25.596600;,
   -48.359299;59.477402;22.606100;,
   -38.986698;60.800594;35.329800;,
   -46.416199;41.886700;26.295900;,
   -47.388500;43.629501;35.443401;,
   -42.873600;78.287300;42.939201;,
   -47.744900;70.310997;47.249500;,
   -51.186100;55.869202;45.667702;,
   -55.594002;73.793900;45.065201;,
   -65.055397;64.028099;32.694000;,
   -68.679199;62.910194;37.653301;,
   -66.203003;66.028503;37.822701;,
   -61.763596;65.125504;38.312401;,
   -67.217499;59.197903;39.423599;,
   -64.102303;56.519199;32.108101;,
   -61.270702;61.263897;39.361500;,
   -59.525394;57.918900;34.685600;,
   93.737000;13.474101;24.734699;,
   96.829498;13.474101;26.143400;,
   97.480103;13.474101;39.651501;,
   81.959198;13.474101;39.651501;,
   71.482803;13.474101;24.734699;,
   82.451103;13.474101;8.605250;,
   98.130798;13.474101;54.568199;,
   70.181602;13.474101;54.568199;,
   70.832298;13.474101;39.651501;,
   104.791000;20.462700;52.022099;,
   104.833000;11.763800;53.017101;,
   98.130798;13.180200;54.568199;,
   98.130798;19.656900;53.780396;,
   98.130798;23.560801;59.103100;,
   104.641998;25.664499;59.038700;,
   104.797997;23.514601;64.547401;,
   98.130798;21.647900;63.383396;,
   104.678001;14.419899;65.785797;,
   70.181602;19.656900;53.780396;,
   70.181602;23.560801;59.103100;,
   70.181602;21.647900;63.383396;,
   70.181602;15.142101;64.165398;,
   98.130798;15.142101;64.165398;,
   70.181602;13.180200;54.568199;,
   63.520901;20.462700;52.022099;,
   63.670097;25.664499;59.038700;,
   63.514400;23.514601;64.547401;,
   63.634495;14.419899;65.785797;,
   70.181602;11.276400;58.799896;,
   63.478897;11.763800;53.017101;,
   63.698002;9.290670;58.710606;,
   70.181602;13.180200;54.568199;,
   98.130798;11.276400;58.799896;,
   104.613998;9.290670;58.710606;,
   98.130798;13.180200;54.568199;,
   104.833000;11.763800;53.017101;,
   63.478897;11.763800;53.017101;,
   96.829498;13.884699;26.143400;,
   93.737000;13.884699;24.734699;,
   97.480103;13.884699;39.651501;,
   81.959198;13.884699;39.651501;,
   98.130798;13.884699;54.568199;,
   70.181602;13.884699;54.568199;,
   70.832298;13.884699;39.651501;,
   71.482803;13.884699;24.734699;,
   82.451103;13.884699;8.605250;,
   63.022495;23.819597;58.921196;,
   63.670097;25.664499;59.038700;,
   63.520901;20.462700;52.022099;,
   63.175697;22.368500;63.287804;,
   63.514400;23.514601;64.547401;,
   63.292904;15.176600;64.336197;,
   63.634495;14.419899;65.785797;,
   63.172501;19.795799;53.833298;,
   60.317600;18.189501;57.446606;,
   60.291500;16.758301;60.682297;,
   63.430004;11.620300;58.762798;,
   63.698002;9.290670;58.710606;,
   63.208103;13.307901;54.965900;,
   63.478897;11.763800;53.017101;,
   104.833000;11.763800;53.017101;,
   104.791000;20.462700;52.022099;,
   105.103996;13.307901;54.965900;,
   105.139999;19.795799;53.833298;,
   107.995010;18.189501;57.446606;,
   108.021004;16.758301;60.682297;,
   104.882004;11.620300;58.762798;,
   104.613998;9.290670;58.710606;,
   105.290001;23.819597;58.921196;,
   105.137001;22.368500;63.287804;,
   105.018997;15.176600;64.336197;,
   104.678001;14.419899;65.785797;,
   104.641998;25.664499;59.038700;,
   104.797997;23.514601;64.547401;,
   32.821800;9.092120;29.395599;,
   29.002598;8.065380;32.688599;,
   29.264500;17.208300;34.687599;,
   33.778900;18.340300;31.951599;,
   33.623100;19.252800;29.749500;,
   32.815102;9.044530;26.490700;,
   38.974800;20.423201;27.204000;,
   38.841301;8.735310;23.792700;,
   39.308399;13.443000;44.211399;,
   37.354301;23.919100;42.267200;,
   42.545200;25.760597;40.266701;,
   44.363098;22.634098;48.074902;,
   45.892502;18.163300;51.397301;,
   46.764801;7.880880;48.721500;,
   45.680000;2.329440;40.762001;,
   44.121899;2.389810;34.521500;,
   38.841301;8.735310;23.792700;,
   38.647099;21.205200;49.924702;,
   40.180302;16.334900;53.302601;,
   40.083698;6.650180;50.786400;,
   39.147400;2.067510;43.008598;,
   37.681099;2.665480;36.130199;,
   32.815102;9.044530;26.490700;,
   32.821800;9.092120;29.395599;,
   38.832901;15.687299;51.795200;,
   39.124100;7.516880;50.360199;,
   37.491299;3.315690;43.242100;,
   36.426201;4.030050;36.962002;,
   29.002598;8.065380;32.688599;,
   30.821699;3.295220;39.087200;,
   37.786499;19.739100;49.204498;,
   32.417400;1.985990;44.680599;,
   35.208000;6.637040;52.253601;,
   34.863602;14.909701;53.287998;,
   50.906101;17.753799;32.307499;,
   47.084000;17.228203;33.825001;,
   48.991100;18.515400;30.419699;,
   50.756401;18.831100;31.176498;,
   49.768700;21.801100;32.046902;,
   49.218201;21.636400;34.993004;,
   49.024300;18.849501;36.731899;,
   49.003399;21.101900;39.457802;,
   50.957901;19.147600;42.169300;,
   47.518902;21.078100;30.875402;,
   45.103500;24.318001;34.544701;,
   47.324600;24.715900;36.156200;,
   45.816502;23.716400;40.793701;,
   44.039299;21.159300;44.196800;,
   42.320400;22.996403;39.736198;,
   37.708302;18.451500;42.505001;,
   38.672100;19.209997;46.707500;,
   40.253300;13.328000;48.593201;,
   52.528801;12.988100;43.473400;,
   55.629902;14.610501;40.600201;,
   57.684601;14.789299;37.291100;,
   56.479595;19.196199;36.626499;,
   49.024300;18.849501;36.731899;,
   50.906101;17.753799;32.307499;,
   42.626400;7.004780;46.712799;,
   51.278999;6.963590;42.126999;,
   55.547295;11.727800;40.128601;,
   53.300999;14.008099;35.674801;,
   55.942898;14.462600;31.555002;,
   54.728302;18.279400;30.790098;,
   48.721401;6.644560;38.278198;,
   53.058102;7.036730;35.742001;,
   56.552601;7.299420;37.345299;,
   57.785995;10.997800;36.941700;,
   53.840405;11.704001;35.796001;,
   40.187599;6.752110;40.896099;,
   47.646999;14.054901;34.132702;,
   47.084000;17.228203;33.825001;,
   47.370201;14.531000;37.122398;,
   48.991100;18.515400;30.419699;,
   47.084000;17.228203;33.825001;,
   47.518902;21.078100;30.875402;,
   44.057899;20.959101;33.910000;,
   45.103500;24.318001;34.544701;,
   42.320400;22.996403;39.736198;,
   37.708302;18.451500;42.505001;,
   47.370201;14.531000;37.122398;,
   40.187599;6.752110;40.896099;,
   53.300999;14.008099;35.674801;,
   53.840405;11.704001;35.796001;,
   48.494400;11.616300;37.349201;,
   48.721401;6.644560;38.278198;,
   55.325497;11.134600;32.186699;,
   54.368404;7.791430;31.590899;,
   49.165798;11.189400;34.339901;,
   48.494400;11.616300;37.349201;,
   49.020000;8.735380;34.097500;,
   48.721401;6.644560;38.278198;,
   -29.264400;17.208300;34.687599;,
   -29.002598;8.065380;32.688599;,
   -32.821800;9.092120;29.395599;,
   -33.536098;18.301701;32.366299;,
   -33.380299;19.214197;30.164301;,
   -36.436798;23.756001;43.311901;,
   -41.597198;25.604799;41.227901;,
   -43.586700;22.530800;48.503502;,
   -38.146500;21.082701;50.353298;,
   -32.815102;9.044530;26.490700;,
   -38.731998;20.384701;27.618702;,
   -39.308399;13.443000;44.211399;,
   -45.892502;18.163300;51.397301;,
   -40.180302;16.334900;53.302601;,
   -38.832901;15.687299;51.795200;,
   -37.285999;19.616600;49.633099;,
   -38.841301;8.735310;23.792700;,
   -48.991100;18.515400;30.419699;,
   -47.084000;17.228203;33.825001;,
   -50.906101;17.753799;32.307499;,
   -50.756401;18.831100;31.176498;,
   -49.768700;21.801100;32.046902;,
   -47.518902;21.078100;30.875402;,
   -45.103500;24.318001;34.544701;,
   -49.218201;21.636400;34.993004;,
   -47.324600;24.715900;36.156200;,
   -45.816502;23.716400;40.793701;,
   -42.320400;22.996403;39.736198;,
   -44.039299;21.159300;44.196800;,
   -37.708302;18.451500;42.505001;,
   -49.024300;18.849501;36.731899;,
   -49.003399;21.101900;39.457802;,
   -50.957901;19.147600;42.169300;,
   -40.253300;13.328000;48.593201;,
   -38.672100;19.209997;46.707500;,
   -40.187599;6.752110;40.896099;,
   -42.626400;7.004780;46.712799;,
   -48.721401;6.644560;38.278198;,
   -51.278999;6.963590;42.126999;,
   -53.058102;7.036730;35.742001;,
   -56.552601;7.299420;37.345299;,
   -54.368404;7.791430;31.590899;,
   -49.020000;8.735380;34.097500;,
   -48.721401;6.644560;38.278198;,
   -52.528801;12.988100;43.473400;,
   -55.547199;11.727800;40.128601;,
   -57.785995;10.997800;36.941700;,
   -55.325497;11.134600;32.186699;,
   -49.165798;11.189400;34.339901;,
   -55.629902;14.610501;40.600201;,
   -53.300999;14.008099;35.674801;,
   -53.840405;11.704001;35.796001;,
   -48.494400;11.616300;37.349201;,
   -57.684601;14.789299;37.291100;,
   -55.942898;14.462600;31.555002;,
   -47.646999;14.054901;34.132702;,
   -47.370201;14.531000;37.122398;,
   -47.084000;17.228203;33.825001;,
   -50.906101;17.753799;32.307499;,
   -56.479595;19.196199;36.626499;,
   -54.728302;18.279400;30.790098;,
   -49.024300;18.849501;36.731899;,
   -48.991100;18.515400;30.419699;,
   -47.518902;21.078100;30.875402;,
   -47.084000;17.228203;33.825001;,
   -44.057899;20.959101;33.910000;,
   -47.370201;14.531000;37.122398;,
   -37.708302;18.451500;42.505001;,
   -40.187599;6.752110;40.896099;,
   -48.494400;11.616300;37.349201;,
   -53.300999;14.008099;35.674801;,
   -45.103500;24.318001;34.544701;,
   -42.320400;22.996403;39.736198;,
   -53.840405;11.704001;35.796001;,
   -48.721401;6.644560;38.278198;,
   -40.083698;6.650180;50.786400;,
   -46.764801;7.880880;49.603199;,
   -39.108398;2.182190;42.937801;,
   -37.452400;3.430380;43.171299;,
   -38.908199;7.475360;50.468300;,
   -34.863602;14.909701;53.287998;,
   -35.208000;6.637040;52.253601;,
   -45.641102;2.444130;40.691299;,
   -37.551800;2.692130;36.449200;,
   -36.296902;4.056700;37.280998;,
   -43.992599;2.416460;34.840500;,
   -38.841301;8.735310;23.792700;,
   -32.815102;9.044530;26.490700;,
   -32.821800;9.092120;29.395599;,
   -29.002598;8.065380;32.688599;,
   -30.821600;3.295220;39.087200;,
   -32.417400;1.985990;44.680599;,
   18.355200;6.807120;31.586100;,
   17.667299;6.841080;38.223400;,
   13.004900;-1.663820;36.803299;,
   14.178899;-2.847400;29.982203;,
   -5.594150;-57.788498;3.904280;,
   -0.706770;-38.073898;12.646600;,
   -10.807300;-46.573601;4.942630;,
   6.838530;-50.651798;4.229630;,
   19.930901;-31.108400;10.872200;,
   0.395410;-17.950001;19.666000;,
   -18.080299;-30.523500;13.470600;,
   14.930400;36.126099;19.612801;,
   18.349600;31.235600;19.888800;,
   22.353901;36.293499;7.029250;,
   21.199900;40.553600;7.133280;,
   0.000011;-6.619250;38.766102;,
   -1.196100;-11.095300;38.201099;,
   -5.583510;-6.966400;43.652199;,
   3.994940;-7.719980;41.523602;,
   3.945080;-4.942150;43.380100;,
   -5.583510;-6.966400;43.652199;,
   -5.005250;-8.355550;48.224098;,
   -12.113900;-3.167600;48.650902;,
   -1.405880;-12.464501;45.307400;,
   -0.626289;-6.952770;57.620903;,
   4.742710;-8.398270;48.165901;,
   3.994940;-7.719980;41.523602;,
   -1.196100;-11.095300;38.201099;,
   -7.831670;33.482800;34.935902;,
   -9.283630;35.840599;37.818401;,
   -6.875600;33.575500;46.229698;,
   -9.646800;35.683800;33.019299;,
   -13.244500;33.483799;35.249401;,
   -12.570800;31.847403;33.387699;,
   -7.962980;33.278999;29.987700;,
   -6.875600;33.575500;46.229698;,
   -6.661630;33.128700;60.007397;,
   0.019640;34.701698;58.150898;,
   0.036240;34.350700;45.146702;,
   -7.831670;33.482800;34.935902;,
   -0.000000;36.005299;33.826401;,
   -7.962980;33.278999;29.987700;,
   7.600670;33.131802;46.331299;,
   7.829940;33.517300;34.567402;,
   8.372880;33.354099;28.391102;,
   9.803810;35.796700;32.234402;,
   9.180400;35.920799;37.831200;,
   13.385100;33.502201;34.695202;,
   7.995590;32.339901;59.800705;,
   9.220560;35.324902;46.689602;,
   -0.002789;-7.373670;35.192799;,
   13.004900;-1.663820;36.803299;,
   0.000011;-6.619250;38.766102;,
   14.178899;-2.847400;29.982203;,
   -0.116710;-10.729900;28.379803;,
   -29.996998;-23.239300;11.396600;,
   -37.119701;-2.493960;7.755380;,
   -35.233799;-22.890100;7.749090;,
   24.074699;8.153630;39.181301;,
   20.160101;8.069190;41.926800;,
   21.242302;15.591899;41.900398;,
   24.388500;15.257200;39.748402;,
   26.616800;15.256800;38.032902;,
   26.318600;7.771270;37.431301;,
   29.002598;8.065380;32.688599;,
   29.264500;17.208300;34.687599;,
   25.812000;19.507401;46.352501;,
   28.665100;18.649401;45.213699;,
   31.716997;21.054600;44.254002;,
   36.653301;22.167999;42.540501;,
   33.778900;18.340300;31.951599;,
   37.354301;23.919100;42.267200;,
   21.601400;21.615700;47.807098;,
   27.379999;18.300301;52.350899;,
   30.054598;17.096100;50.956200;,
   33.678501;18.998501;50.436199;,
   37.786499;19.739100;49.204498;,
   17.894699;17.802099;37.300098;,
   38.647099;21.205200;49.924702;,
   38.832901;15.687299;51.795200;,
   34.863602;14.909701;53.287998;,
   31.082800;13.560099;53.641201;,
   35.208000;6.637040;52.253601;,
   31.345299;6.516150;53.291901;,
   32.417400;1.985990;44.680599;,
   28.501699;14.408400;55.073299;,
   29.002598;8.065380;32.688599;,
   30.821699;3.295220;39.087200;,
   26.318600;7.771270;37.431301;,
   27.299402;4.068020;40.930901;,
   24.074699;8.153630;39.181301;,
   24.773600;3.887890;42.947102;,
   20.160101;8.069190;41.926800;,
   20.818098;3.009950;46.029301;,
   26.079100;2.483700;47.768299;,
   28.777699;2.093710;46.016800;,
   17.667299;6.841080;38.223400;,
   20.160101;8.069190;41.926800;,
   17.491400;2.473840;45.611698;,
   13.004900;-1.663820;36.803299;,
   12.162500;-1.315840;44.155499;,
   0.000011;-6.619250;38.766102;,
   17.491400;2.473840;45.611698;,
   17.667299;6.841080;38.223400;,
   19.265900;22.278000;55.682297;,
   23.322901;20.670200;54.825401;,
   21.601400;21.615700;47.807098;,
   27.379999;18.300301;52.350899;,
   -18.080299;-30.523500;13.470600;,
   -19.637400;-36.115799;6.324940;,
   -10.807300;-46.573601;4.942630;,
   18.355400;-9.275070;22.021299;,
   0.395410;-17.950001;19.666000;,
   19.930901;-31.108400;10.872200;,
   26.966400;-16.103001;16.297800;,
   32.940300;-29.334900;5.772310;,
   22.398399;-39.859501;4.817530;,
   6.838530;-50.651798;4.229630;,
   -0.116710;-10.729900;28.379803;,
   0.395410;-17.950001;19.666000;,
   18.355400;-9.275070;22.021299;,
   14.178899;-2.847400;29.982203;,
   17.894699;17.802099;37.300098;,
   17.667299;6.841080;38.223400;,
   18.355200;6.807120;31.586100;,
   18.589600;17.150997;31.208302;,
   18.355200;6.807120;31.586100;,
   14.178899;-2.847400;29.982203;,
   24.352301;5.703550;20.457100;,
   18.355400;-9.275070;22.021299;,
   18.355200;6.807120;31.586100;,
   24.352301;5.703550;20.457100;,
   18.589600;17.150997;31.208302;,
   23.031500;19.118200;19.966600;,
   37.293900;8.785120;7.582280;,
   37.293900;8.785120;7.582280;,
   24.352301;5.703550;20.457100;,
   39.473301;-6.137650;6.587940;,
   18.355400;-9.275070;22.021299;,
   26.966400;-16.103001;16.297800;,
   35.304401;-20.019400;5.999330;,
   18.589600;17.150997;31.208302;,
   23.031500;19.118200;19.966600;,
   15.293800;27.721298;29.879601;,
   18.349600;31.235600;19.888800;,
   14.930400;36.126099;19.612801;,
   21.199900;40.553600;7.133280;,
   11.708100;45.235401;6.232080;,
   6.200210;42.356098;16.392500;,
   3.800030;52.784100;5.779510;,
   -10.082900;51.358101;5.534890;,
   -14.728000;46.998501;6.335340;,
   -8.211990;47.031700;13.643600;,
   -13.082700;44.761101;14.047901;,
   -11.267901;40.051701;19.145500;,
   -5.032270;42.298199;19.714100;,
   -7.962980;33.278999;29.987700;,
   -0.000000;36.005299;33.826401;,
   6.200210;42.356098;16.392500;,
   -4.036050;51.439800;11.692500;,
   -13.552901;38.223301;20.075300;,
   3.800030;52.784100;5.779510;,
   -0.408000;57.965500;5.936670;,
   8.372880;33.354099;28.391102;,
   14.930400;36.126099;19.612801;,
   13.146600;32.282501;29.533298;,
   18.349600;31.235600;19.888800;,
   15.293800;27.721298;29.879601;,
   12.711300;31.865803;32.849998;,
   9.803810;35.796700;32.234402;,
   33.495399;25.521700;7.648040;,
   23.031500;19.118200;19.966600;,
   37.293900;8.785120;7.582280;,
   18.349600;31.235600;19.888800;,
   22.353901;36.293499;7.029250;,
   13.385100;33.502201;34.695202;,
   16.468700;31.077501;37.539001;,
   12.711300;31.865803;32.849998;,
   16.626801;28.137901;37.014301;,
   15.293800;27.721298;29.879601;,
   18.589600;17.150997;31.208302;,
   17.894699;17.802099;37.300098;,
   17.033003;24.822201;48.337601;,
   16.601900;26.785700;48.166302;,
   16.370199;30.069002;48.292999;,
   13.385100;33.502201;34.695202;,
   12.711300;31.865803;32.849998;,
   9.803810;35.796700;32.234402;,
   -13.082700;44.761101;14.047901;,
   -14.728000;46.998501;6.335340;,
   -20.856800;44.739399;7.133280;,
   -13.552901;38.223301;20.075300;,
   -22.514299;38.322498;7.413200;,
   -18.306499;32.606701;20.003597;,
   -13.012500;-1.672510;36.803001;,
   -17.667200;6.841080;38.223400;,
   -18.394199;6.762700;31.583101;,
   -14.351800;-3.106150;29.969501;,
   -24.827299;5.079820;20.428301;,
   -19.773300;-12.491901;19.598700;,
   -18.394199;6.762700;31.583101;,
   -18.589500;17.150997;31.208302;,
   -22.186102;19.365803;20.505699;,
   -24.827299;5.079820;20.428301;,
   -29.404198;23.495102;7.535330;,
   -18.306499;32.606701;20.003597;,
   -22.514299;38.322498;7.413200;,
   0.000011;-6.619250;38.766102;,
   -12.162500;-1.315840;43.365398;,
   -13.012500;-1.672510;36.803001;,
   -0.002789;-7.373670;35.192799;,
   -14.351800;-3.106150;29.969501;,
   -0.116710;-10.729900;28.379803;,
   0.395410;-17.950001;19.666000;,
   -19.773300;-12.491901;19.598700;,
   -18.080299;-30.523500;13.470600;,
   -29.996998;-23.239300;11.396600;,
   -29.514898;-29.320602;7.519950;,
   -19.637400;-36.115799;6.324940;,
   -29.404198;23.495102;7.535330;,
   -40.839001;8.653930;8.308250;,
   -24.827299;5.079820;20.428301;,
   -24.827299;5.079820;20.428301;,
   -40.839001;8.653930;8.308250;,
   -37.119701;-2.493960;7.755380;,
   -19.773300;-12.491901;19.598700;,
   -29.996998;-23.239300;11.396600;,
   -12.625200;32.214001;29.466400;,
   -12.570800;31.847403;33.387699;,
   -7.962980;33.278999;29.987700;,
   -15.929800;27.496401;30.022800;,
   -18.589500;17.150997;31.208302;,
   -15.929800;27.496401;30.022800;,
   -22.186102;19.365803;20.505699;,
   -18.306499;32.606701;20.003597;,
   -12.625200;32.214001;29.466400;,
   -13.552901;38.223301;20.075300;,
   -7.962980;33.278999;29.987700;,
   -15.929800;27.496401;30.022800;,
   -16.522400;28.092098;37.762100;,
   -12.570800;31.847403;33.387699;,
   -17.894600;17.802099;37.300098;,
   -14.351800;-3.106150;29.969501;,
   -19.773300;-12.491901;19.598700;,
   -0.116710;-10.729900;28.379803;,
   0.395410;-17.950001;19.666000;,
   -17.032900;24.822201;48.337601;,
   -21.601400;21.615700;47.807098;,
   -19.265800;22.278000;55.682297;,
   -5.005250;-8.355550;48.224098;,
   -12.172600;-3.949530;52.033401;,
   -12.113900;-3.167600;48.650902;,
   -18.813400;0.910960;52.135799;,
   -18.827900;-0.685609;54.250099;,
   -24.070400;15.907299;59.063801;,
   -24.210699;8.405120;56.890598;,
   -23.325500;7.159410;59.438400;,
   -21.038099;2.302210;53.326500;,
   -18.827900;-0.685609;54.250099;,
   -18.813400;0.910960;52.135799;,
   -17.491400;2.473840;45.611698;,
   -21.991301;3.126920;51.202099;,
   -20.818098;3.009950;46.029301;,
   -19.265800;22.278000;55.682297;,
   -16.601900;26.785700;48.166302;,
   -17.032900;24.822201;48.337601;,
   -19.120300;25.375401;57.573006;,
   -16.329700;30.086498;48.284302;,
   -16.522400;28.092098;37.762100;,
   -16.364300;31.031698;38.286900;,
   -12.036600;33.253502;47.536598;,
   -12.113900;-3.167600;48.650902;,
   -12.271100;-1.294940;48.823700;,
   -5.583510;-6.966400;43.652199;,
   -18.813400;0.910960;52.135799;,
   -17.491400;2.473840;45.611698;,
   -12.162500;-1.315840;43.365398;,
   0.000011;-6.619250;38.766102;,
   19.265900;22.278000;55.682297;,
   24.070499;15.907299;59.063801;,
   23.322901;20.670200;54.825401;,
   25.556101;15.291800;57.562202;,
   27.379999;18.300301;52.350899;,
   28.501699;14.408400;55.073299;,
   24.197298;8.426510;56.932396;,
   28.343397;7.324930;54.287300;,
   31.082800;13.560099;53.641201;,
   31.345299;6.516150;53.291901;,
   26.079100;2.483700;47.768299;,
   21.991301;3.126920;51.202099;,
   20.818098;3.009950;46.029301;,
   17.033003;24.822201;48.337601;,
   19.265900;22.278000;55.682297;,
   21.601400;21.615700;47.807098;,
   20.818098;3.009950;46.029301;,
   18.813400;0.910960;52.135799;,
   17.491400;2.473840;45.611698;,
   21.991301;3.126920;51.202099;,
   21.038099;2.302210;53.326500;,
   18.577801;-0.744380;54.963905;,
   23.324699;7.510300;59.930599;,
   24.197298;8.426510;56.932396;,
   18.813400;0.910960;52.135799;,
   18.577801;-0.744380;54.963905;,
   12.457200;-3.974800;52.076000;,
   13.327400;-3.718600;46.258301;,
   4.742710;-8.398270;48.165901;,
   12.271100;-1.294940;48.033600;,
   18.813400;0.910960;52.135799;,
   13.327400;-3.718600;46.258301;,
   17.491400;2.473840;45.611698;,
   12.162500;-1.315840;44.155499;,
   3.945080;-4.942150;43.380100;,
   -18.589500;17.150997;31.208302;,
   -17.894600;17.802099;37.300098;,
   -15.929800;27.496401;30.022800;,
   -18.394199;6.762700;31.583101;,
   -21.601400;21.615700;47.807098;,
   -17.032900;24.822201;48.337601;,
   -17.894600;17.802099;37.300098;,
   -12.570800;31.847403;33.387699;,
   -16.522400;28.092098;37.762100;,
   -16.364300;31.031698;38.286900;,
   -18.394199;6.762700;31.583101;,
   -17.667200;6.841080;38.223400;,
   -17.894600;17.802099;37.300098;,
   -17.491400;2.473840;45.611698;,
   -20.818098;3.009950;46.029301;,
   -20.160000;8.069190;41.926800;,
   -17.667200;6.841080;38.223400;,
   -17.032900;24.822201;48.337601;,
   -16.601900;26.785700;48.166302;,
   -17.667200;6.841080;38.223400;,
   -13.012500;-1.672510;36.803001;,
   -17.491400;2.473840;45.611698;,
   -12.162500;-1.315840;43.365398;,
   -13.244500;33.483799;35.249401;,
   -12.570800;31.847403;33.387699;,
   -16.364300;31.031698;38.286900;,
   -13.294500;33.323898;38.418598;,
   -9.283630;35.840599;37.818401;,
   -8.527970;35.758598;46.571999;,
   -6.875600;33.575500;46.229698;,
   -6.661630;33.128700;60.007397;,
   -8.531580;35.004501;61.150501;,
   -12.036600;33.253502;47.536598;,
   17.667299;6.841080;38.223400;,
   17.894699;17.802099;37.300098;,
   21.242302;15.591899;41.900398;,
   20.160101;8.069190;41.926800;,
   3.994940;-7.719980;41.523602;,
   3.945080;-4.942150;43.380100;,
   13.327400;-3.718600;46.258301;,
   0.000011;-6.619250;38.766102;,
   12.162500;-1.315840;44.155499;,
   17.894699;17.802099;37.300098;,
   17.033003;24.822201;48.337601;,
   21.601400;21.615700;47.807098;,
   20.160101;8.069190;41.926800;,
   20.818098;3.009950;46.029301;,
   17.491400;2.473840;45.611698;,
   3.994940;-7.719980;41.523602;,
   13.327400;-3.718600;46.258301;,
   4.742710;-8.398270;48.165901;,
   -11.216800;25.624203;70.860199;,
   -12.683500;26.930998;71.316704;,
   -13.019100;25.796101;72.174698;,
   -11.503300;24.845100;71.920303;,
   -10.266900;25.004499;75.015900;,
   -11.094499;27.053501;76.219704;,
   -5.142500;31.479900;80.310997;,
   -6.290200;32.844799;81.571098;,
   -2.530380;35.874199;79.211403;,
   -2.690380;37.146500;80.430603;,
   1.125900;40.528301;76.746803;,
   -16.116699;17.571899;74.474098;,
   -9.727600;21.527700;87.653198;,
   0.086929;35.221802;86.349503;,
   1.125900;41.054501;77.760803;,
   3.243100;37.401100;80.684898;,
   3.083680;36.156700;79.462097;,
   6.937880;33.863499;81.402496;,
   5.802100;32.462898;80.146896;,
   -0.000000;21.712099;93.210999;,
   9.727640;21.493299;87.653198;,
   11.100200;27.162001;76.206001;,
   10.268601;25.068001;75.009903;,
   13.044300;25.803600;72.095596;,
   11.523000;24.901400;71.858597;,
   11.344900;25.674200;70.462700;,
   16.116800;17.571899;74.474098;,
   -7.967890;31.239798;72.668404;,
   -8.997970;33.450901;67.362900;,
   -12.683500;26.930998;71.316704;,
   -7.777270;31.694597;66.349998;,
   -8.531580;35.004501;61.150501;,
   -6.661630;33.128700;60.007397;,
   8.069110;28.888302;69.112396;,
   8.916980;31.063101;69.984100;,
   7.015820;28.671803;67.826698;,
   8.138190;31.589798;65.534798;,
   -0.000000;29.622602;65.708603;,
   -0.000000;33.411098;65.028900;,
   -7.777270;31.694597;66.349998;,
   -6.604020;28.617699;69.044296;,
   -7.967890;31.239798;72.668404;,
   -7.403250;28.940498;70.984398;,
   7.995590;32.339901;59.800705;,
   0.019640;34.701698;58.150898;,
   -6.661630;33.128700;60.007397;,
   9.806720;34.239899;60.937599;,
   9.220560;35.324902;46.689602;,
   12.594700;33.021999;47.602600;,
   13.294500;33.323898;38.418598;,
   16.370199;30.069002;48.292999;,
   16.468700;31.077501;37.539001;,
   15.183800;27.735699;59.523804;,
   -12.683500;26.930998;71.316704;,
   -11.216800;25.624203;70.860199;,
   7.015820;28.671803;67.826698;,
   10.035700;25.179800;70.422501;,
   8.069110;28.888302;69.112396;,
   6.699190;29.657200;70.303299;,
   5.761280;29.344898;74.461700;,
   10.268601;25.068001;75.009903;,
   11.523000;24.901400;71.858597;,
   11.344900;25.674200;70.462700;,
   0.002930;31.384001;70.895798;,
   0.015460;30.877199;74.926201;,
   4.640300;25.734699;79.245499;,
   5.802100;32.462898;80.146896;,
   0.064819;27.325897;80.457199;,
   3.083680;36.156700;79.462097;,
   -0.000000;29.622602;65.708603;,
   -6.604020;28.617699;69.044296;,
   -6.509750;29.326899;70.504997;,
   -5.690190;29.120001;74.454002;,
   -4.577070;25.441698;79.282600;,
   -9.949061;25.100800;70.697098;,
   -10.266900;25.004499;75.015900;,
   -5.142500;31.479900;80.310997;,
   -2.530380;35.874199;79.211403;,
   1.125900;40.528301;76.746803;,
   -7.403250;28.940498;70.984398;,
   -11.216800;25.624203;70.860199;,
   -11.503300;24.845100;71.920303;,
   16.468700;31.077501;37.539001;,
   13.385100;33.502201;34.695202;,
   13.294500;33.323898;38.418598;,
   9.180400;35.920799;37.831200;,
   9.220560;35.324902;46.689602;,
   24.070499;15.907299;59.063801;,
   19.265900;22.278000;55.682297;,
   23.778700;16.437901;62.052399;,
   23.324699;7.510300;59.930599;,
   24.197298;8.426510;56.932396;,
   13.044300;25.803600;72.095596;,
   12.834100;26.906500;70.856796;,
   11.344900;25.674200;70.462700;,
   15.122099;24.846500;68.974403;,
   16.116800;17.571899;74.474098;,
   20.886700;17.391100;69.586098;,
   15.183800;27.735699;59.523804;,
   20.892401;17.096300;65.096497;,
   17.958799;25.510900;58.005299;,
   23.778700;16.437901;62.052399;,
   19.265900;22.278000;55.682297;,
   15.963000;6.353050;72.522400;,
   21.358999;7.371240;62.573299;,
   23.324699;7.510300;59.930599;,
   18.577801;-0.744380;54.963905;,
   9.543450;-2.470890;59.621101;,
   12.457200;-3.974800;52.076000;,
   4.742710;-8.398270;48.165901;,
   7.611410;-3.742870;68.701103;,
   -0.911020;-7.212090;67.072701;,
   -0.626289;-6.952770;57.620903;,
   16.601900;26.785700;48.166302;,
   19.265900;22.278000;55.682297;,
   17.033003;24.822201;48.337601;,
   17.958799;25.510900;58.005299;,
   16.370199;30.069002;48.292999;,
   15.183800;27.735699;59.523804;,
   11.344900;25.674200;70.462700;,
   12.834100;26.906500;70.856796;,
   8.069110;28.888302;69.112396;,
   8.916980;31.063101;69.984100;,
   9.428380;33.303398;66.409798;,
   8.138190;31.589798;65.534798;,
