xof 0303txt 0032
template VertexDuplicationIndices {
 <b8d65549-d7c9-4995-89cf-53a9a8b031e3>
 DWORD nIndices;
 DWORD nOriginalVertices;
 array DWORD indices[nIndices];
}

template EffectParamDWord {
 <e13963bc-ae51-4c5d-b00f-cfa3a9d97ce5>
 STRING ParamName;
 DWORD Value;
}

template FVFData {
 <b6e70a0e-8ef9-4e83-94ad-ecc8b0c04897>
 DWORD dwFVF;
 DWORD nDWords;
 array DWORD data[nDWords];
}

template EffectFloats {
 <f1cfe2b3-0de3-4e28-afa1-155a750a282d>
 DWORD nFloats;
 array FLOAT Floats[nFloats];
}

template EffectString {
 <d55b097e-bdb6-4c52-b03d-6051c89d0e42>
 STRING Value;
}

template EffectDWord {
 <622c0ed0-956e-4da9-908a-2af94f3ce716>
 DWORD Value;
}

template EffectInstance {
 <e331f7e4-0559-4cc2-8e99-1cec1657928f>
 STRING EffectFilename;
 [...]
}

template AnimTicksPerSecond {
 <9e415a43-7ba6-4a73-8743-b73d47e88476>
 DWORD AnimTicksPerSecond;
}

template VertexElement {
 <f752461c-1e23-48f6-b9f8-8350850f336f>
 DWORD Type;
 DWORD Method;
 DWORD Usage;
 DWORD UsageIndex;
}

template DeclData {
 <bf22e553-292c-4781-9fea-62bd554bdd93>
 DWORD nElements;
 array VertexElement Elements[nElements];
 DWORD nDWords;
 array DWORD data[nDWords];
}

template EffectParamFloats {
 <3014b9a0-62f5-478c-9b86-e4ac9f4e418b>
 STRING ParamName;
 DWORD nFloats;
 array FLOAT Floats[nFloats];
}

template EffectParamString {
 <1dbc4c88-94c1-46ee-9076-2c28818c9481>
 STRING ParamName;
 STRING Value;
}


AnimTicksPerSecond {
 4800;
}

Frame {
 

 FrameTransformMatrix {
  1.000000,0.000000,0.000000,0.000000,0.000000,1.000000,0.000000,0.000000,0.000000,0.000000,1.000000,0.000000,0.000000,0.000000,0.000000,1.000000;;
 }

 Frame Armature {
  

  FrameTransformMatrix {
   39.370079,0.000000,-0.000000,0.000000,-0.000000,0.000002,-39.370075,0.000000,0.000000,39.370075,0.000002,0.000000,0.000000,0.000000,0.000000,1.000000;;
  }

  Frame weapon {
   

   FrameTransformMatrix {
    0.302548,-0.320060,0.002216,0.000000,-0.230784,-0.220258,-0.303651,0.000000,0.221771,0.207428,-0.319014,0.000000,42.439030,34.659134,106.197578,1.000000;;
   }
  }

  Frame Tail_A {
   

   FrameTransformMatrix {
    -0.333165,-0.867935,-0.368360,0.000000,0.914155,-0.201668,-0.351638,0.000000,0.230913,-0.453892,0.860617,0.000000,-6.670288,-11.016101,131.113388,1.000000;;
   }

   Frame Tail_b {
    

    FrameTransformMatrix {
     0.865366,0.443432,-0.233473,0.000000,-0.087131,0.591920,0.801273,0.000000,0.493508,-0.673051,0.550864,0.000000,31.780888,0.115391,32.108807,1.000000;;
    }

    Frame Tail_c {
     

     FrameTransformMatrix {
      0.870382,0.484642,-0.086934,0.000000,-0.296862,0.657383,0.692618,0.000000,0.392821,-0.577035,0.716047,0.000000,29.648706,-0.597943,24.438705,1.000000;;
     }
    }
   }
  }

  Frame TailR4_a {
   

   FrameTransformMatrix {
    -0.019858,-0.988064,-0.152760,0.000000,0.928820,0.038312,-0.368546,0.000000,0.369999,-0.149206,0.916972,0.000000,-4.216736,-16.232040,126.471970,1.000000;;
   }

   Frame TailR4_b {
    

    FrameTransformMatrix {
     0.747404,0.276624,-0.604041,0.000000,0.322744,0.643528,0.694051,0.000000,0.580709,-0.713688,0.391697,0.000000,41.503155,-4.714701,25.253670,1.000000;;
    }

    Frame TailR4_c {
     

     FrameTransformMatrix {
      0.799163,0.600177,-0.033550,0.000000,-0.344304,0.502778,0.792886,0.000000,0.492740,-0.622094,0.608446,0.000000,14.046519,-8.143151,33.527973,1.000000;;
     }
    }
   }
  }

  Frame TailR3_a {
   

   FrameTransformMatrix {
    -0.001495,-0.997932,-0.064250,0.000000,0.998739,0.001733,-0.050159,0.000000,0.050167,-0.064244,0.996672,0.000000,-5.427489,-16.361135,127.335236,1.000000;;
   }

   Frame TailR3_b {
    

    FrameTransformMatrix {
     0.700625,0.184481,-0.689269,0.000000,0.292703,0.806670,0.513428,0.000000,0.650730,-0.561472,0.511175,0.000000,29.939791,-6.479104,28.879414,1.000000;;
    }

    Frame TailR3_c {
     

     FrameTransformMatrix {
      0.820018,0.569849,-0.053284,0.000000,-0.330350,0.547282,0.768994,0.000000,0.467372,-0.612987,0.637032,0.000000,26.513493,-7.424916,34.372280,1.000000;;
     }
    }
   }
  }

  Frame TailR2_a {
   

   FrameTransformMatrix {
    -0.231336,-0.876690,-0.421780,0.000000,0.959368,-0.133581,-0.248535,0.000000,0.161547,-0.462137,0.871970,0.000000,-7.704145,-16.219654,128.598312,1.000000;;
   }

   Frame TailR2_b {
    

    FrameTransformMatrix {
     0.857260,0.382687,-0.344464,0.000000,-0.051057,0.728898,0.682715,0.000000,0.512346,-0.567677,0.644394,0.000000,27.029839,8.464146,30.428965,1.000000;;
    }

    Frame TailR2_c {
     

     FrameTransformMatrix {
      0.821136,0.564448,0.084464,0.000000,-0.452929,0.554426,0.698189,0.000000,0.347262,-0.611564,0.710914,0.000000,16.788918,-8.519111,35.499763,1.000000;;
     }
    }
   }
  }

  Frame TailR1_a {
   

   FrameTransformMatrix {
    -0.183107,-0.958344,-0.219201,0.000000,0.971379,-0.142053,-0.190378,0.000000,0.151309,-0.247786,0.956926,0.000000,-6.062957,-16.367455,127.733269,1.000000;;
   }

   Frame TailR1_b {
    

    FrameTransformMatrix {
     0.720815,0.218436,-0.657808,0.000000,0.127416,0.891112,0.435529,0.000000,0.681316,-0.397751,0.614494,0.000000,26.868063,5.159491,34.887344,1.000000;;
    }

    Frame TailR1_c {
     

     FrameTransformMatrix {
      0.641763,0.766834,0.010163,0.000000,-0.467802,0.380934,0.797528,0.000000,0.607701,-0.516579,0.603197,0.000000,23.174438,-21.430519,32.361774,1.000000;;
     }
    }
   }
  }

  Frame TailL4_a {
   

   FrameTransformMatrix {
    -0.112463,-0.993582,0.012057,0.000000,0.993642,-0.112517,-0.003910,0.000000,0.005242,0.011540,0.999920,0.000000,-13.462550,-13.963235,130.006104,1.000000;;
   }

   Frame TailL4_b {
    

    FrameTransformMatrix {
     0.749736,0.241255,-0.616192,0.000000,0.389152,0.592394,0.705429,0.000000,0.535217,-0.768678,0.350254,0.000000,39.067081,1.204864,17.921448,1.000000;;
    }

    Frame TailL4_c {
     

     FrameTransformMatrix {
      0.929009,-0.248036,-0.274627,0.000000,0.165674,0.942368,-0.290681,0.000000,0.330899,0.224547,0.916561,0.000000,30.520519,4.507946,17.589060,1.000000;;
     }
    }
   }
  }

  Frame TailL3_a {
   

   FrameTransformMatrix {
    -0.216356,-0.970076,-0.110192,0.000000,0.974376,-0.221655,0.038206,0.000000,-0.061488,-0.099102,0.993176,0.000000,-12.137669,-14.714011,129.900284,1.000000;;
   }

   Frame TailL3_b {
    

    FrameTransformMatrix {
     0.784027,0.266635,-0.560541,0.000000,0.293170,0.636912,0.713018,0.000000,0.547131,-0.723360,0.421187,0.000000,38.900639,10.450030,10.648741,1.000000;;
    }

    Frame TailL3_c {
     

     FrameTransformMatrix {
      0.928020,-0.244583,-0.280994,0.000000,0.143918,0.931109,-0.335147,0.000000,0.343607,0.270583,0.899287,0.000000,19.136984,10.744154,23.568724,1.000000;;
     }
    }
   }
  }

  Frame TailL2_a {
   

   FrameTransformMatrix {
    -0.299533,-0.950691,-0.080417,0.000000,0.952271,-0.292702,-0.086638,0.000000,0.058827,-0.102530,0.992989,0.000000,-11.460942,-15.043157,129.794769,1.000000;;
   }

   Frame TailL2_b {
    

    FrameTransformMatrix {
     0.680368,0.463625,-0.567584,0.000000,0.253737,0.577549,0.775922,0.000000,0.687544,-0.671929,0.275307,0.000000,33.140556,6.069001,15.902310,1.000000;;
    }

    Frame TailL2_c {
     

     FrameTransformMatrix {
      0.918444,0.345369,-0.192823,0.000000,-0.247373,0.881902,0.401316,0.000000,0.308653,-0.320888,0.895414,0.000000,22.631584,10.146787,27.074438,1.000000;;
     }
    }
   }
  }

  Frame TailL1_a {
   

   FrameTransformMatrix {
    -0.251395,-0.946653,-0.201615,0.000000,0.960788,-0.218899,-0.170206,0.000000,0.116993,-0.236498,0.964563,0.000000,-10.091812,-15.599429,129.480621,1.000000;;
   }

   Frame TailL1_b {
    

    FrameTransformMatrix {
     0.753249,0.549384,-0.361653,0.000000,0.112354,0.434292,0.893738,0.000000,0.648068,-0.713840,0.265404,0.000000,32.982872,9.775880,18.045113,1.000000;;
    }

    Frame TailL1_c {
     

     FrameTransformMatrix {
      0.997919,-0.024857,-0.059489,0.000000,0.027128,0.998922,0.037671,0.000000,0.058489,-0.039206,0.997518,0.000000,25.856640,5.708098,27.161623,1.000000;;
     }
    }
   }
  }

  Frame R_thigh {
   

   FrameTransformMatrix {
    -0.081440,0.986842,0.139676,0.000000,0.073954,-0.133771,0.988249,0.000000,0.993931,0.090813,-0.062086,0.000000,2.512576,-14.710096,125.902313,1.000000;;
   }

   Frame R_calf {
    

    FrameTransformMatrix {
     0.885884,-0.394599,0.243936,0.000000,0.058154,-0.427217,-0.902276,0.000000,0.460249,0.813495,-0.355516,0.000000,-34.346901,-0.221092,-1.795355,1.000000;;
    }

    Frame R_foot {
     

     FrameTransformMatrix {
      0.989116,0.032857,-0.143425,0.000000,0.030668,-0.999377,-0.017444,0.000000,-0.143909,0.012856,-0.989507,0.000000,-36.590199,-1.703954,-0.515394,1.000000;;
     }

     Frame R_toe {
      

      FrameTransformMatrix {
       0.558439,-0.111221,-0.822056,0.000000,0.059196,0.993788,-0.094243,0.000000,0.827431,0.003967,0.561554,0.000000,-14.164205,0.000024,0.000058,1.000000;;
      }

      Frame R_tip {
       

       FrameTransformMatrix {
        0.219511,-0.975578,-0.007832,0.000000,0.974955,0.219650,-0.034775,0.000000,0.035646,-0.000003,0.999365,0.000000,-11.379619,0.000015,-0.000008,1.000000;;
       }
      }
     }
    }
   }
  }

  Frame L_thigh {
   

   FrameTransformMatrix {
    0.403875,-0.449823,-0.796583,0.000000,0.233453,0.892607,-0.385684,0.000000,0.884525,-0.030196,0.465514,0.000000,-8.061073,-12.961298,119.443718,1.000000;;
   }

   Frame L_calf {
    

    FrameTransformMatrix {
     -0.488742,-0.850609,0.193909,0.000000,0.078030,-0.263992,-0.961363,0.000000,0.868930,-0.454725,0.195396,0.000000,34.346905,0.221098,1.795397,1.000000;;
    }

    Frame L_foot {
     

     FrameTransformMatrix {
      0.967817,0.206286,0.144134,0.000000,0.189556,-0.974308,0.121631,0.000000,0.165522,-0.090395,-0.982054,0.000000,36.590221,1.704002,0.515400,1.000000;;
     }

     Frame L_toe {
      

      FrameTransformMatrix {
       0.559671,-0.130445,-0.818385,0.000000,0.070050,0.991446,-0.110125,0.000000,0.825750,0.004306,0.564021,0.000000,14.164205,-0.000029,-0.000037,1.000000;;
      }
     }
    }
   }
  }

  Frame ROOT {
   

   FrameTransformMatrix {
    -0.310431,-0.904576,0.292188,0.000000,0.847470,-0.124118,0.516129,0.000000,-0.430613,0.407843,0.805131,0.000000,-2.553761,-12.645197,122.419342,1.000000;;
   }

   Frame waist {
    

    FrameTransformMatrix {
     0.893476,0.112562,-0.434770,0.000000,0.179962,-0.976695,0.116965,0.000000,-0.411472,-0.182748,-0.892912,0.000000,-12.108299,-0.000003,-0.194275,1.000000;;
    }

    Frame chest {
     

     FrameTransformMatrix {
      0.806879,-0.236929,0.541121,0.000000,0.174435,0.970756,0.164940,0.000000,-0.564375,-0.038696,0.824611,0.000000,-9.014244,0.000000,0.469018,1.000000;;
     }

     Frame neck {
      

      FrameTransformMatrix {
       0.906414,-0.004296,-0.422366,0.000000,-0.001941,-0.999980,0.006004,0.000000,-0.422384,-0.004622,-0.906405,0.000000,-21.051189,0.000000,-0.120499,1.000000;;
      }

      Frame head {
       

       FrameTransformMatrix {
        -0.141184,-0.982557,0.121034,0.000000,0.585637,0.015679,0.810422,0.000000,-0.798183,0.185301,0.573208,0.000000,-6.532253,0.000002,0.000022,1.000000;;
       }

       Frame hair {
        

        FrameTransformMatrix {
         0.091103,-0.789707,0.606682,0.000000,0.995234,0.050920,-0.083169,0.000000,0.034786,0.611367,0.790582,0.000000,-0.937439,11.417424,0.233009,1.000000;;
        }

        Frame hair_b {
         

         FrameTransformMatrix {
          0.554957,-0.788721,-0.264466,0.000000,0.626767,0.605467,-0.490482,0.000000,0.546979,0.106437,0.830353,0.000000,-16.372555,3.082744,0.084098,1.000000;;
         }

         Frame hair_c {
          

          FrameTransformMatrix {
           0.996955,-0.036326,0.068981,0.000000,0.039724,0.998030,-0.048542,0.000000,-0.067081,0.051135,0.996436,0.000000,-12.292818,-3.029776,-8.370621,1.000000;;
          }
         }
        }
       }
      }
     }

     Frame R_shoulder {
      

      FrameTransformMatrix {
       -0.466982,0.884263,-0.002350,0.000000,0.121050,0.061294,-0.990752,0.000000,-0.875942,-0.462948,-0.135663,0.000000,-15.673506,-3.538244,-1.177498,1.000000;;
      }

      Frame R_uparm {
       

       FrameTransformMatrix {
        -0.437451,0.673781,-0.595530,0.000000,-0.898710,-0.350356,0.263762,0.000000,-0.030930,0.650592,0.758797,0.000000,-8.311847,0.000318,-0.000021,1.000000;;
       }

       Frame R_forearm {
        

        FrameTransformMatrix {
         0.997634,0.068681,-0.002568,0.000000,-0.063698,0.937987,0.340772,0.000000,0.025813,-0.339803,0.940143,0.000000,-16.320728,-0.000046,0.000044,1.000000;;
        }

        Frame R_hand {
         

         FrameTransformMatrix {
          0.426679,-0.900006,-0.089070,0.000000,0.310009,0.238064,-0.920446,0.000000,0.849612,0.365122,0.380587,0.000000,-22.886654,-0.000298,-0.000088,1.000000;;
         }

         Frame R_thumb {
          

          FrameTransformMatrix {
           0.863889,0.486912,-0.128887,0.000000,-0.422935,0.840211,0.339368,0.000000,0.273535,-0.238666,0.931782,0.000000,-6.418121,-3.031361,-0.511146,1.000000;;
          }

          Frame R_thumb_b {
           

           FrameTransformMatrix {
            0.958632,-0.160799,0.234871,0.000000,0.240228,0.899656,-0.364566,0.000000,-0.152681,0.405908,0.901069,0.000000,-4.838844,-0.000002,0.000008,1.000000;;
           }
          }
         }

         Frame R_finger {
          

          FrameTransformMatrix {
           0.971337,-0.177485,0.158127,0.000000,0.209121,0.954312,-0.213443,0.000000,-0.113020,0.240393,0.964074,0.000000,-8.536045,-0.000015,-0.000032,1.000000;;
          }

          Frame R_finger_b {
           

           FrameTransformMatrix {
            0.780559,0.186594,0.596579,0.000000,-0.251388,0.967529,0.026295,0.000000,-0.572302,-0.170498,0.802122,0.000000,-4.602672,-0.000008,-0.000009,1.000000;;
           }
          }
         }
        }

        Frame R_PARENTING_HAND_LOC {
         

         FrameTransformMatrix {
          0.299602,0.860128,-0.412820,0.000000,0.087206,-0.455573,-0.885917,0.000000,-0.950070,0.229422,-0.211499,0.000000,-31.464169,-0.036646,-0.700794,1.000000;;
         }
        }
       }
      }
     }

     Frame L_shoulder {
      

      FrameTransformMatrix {
       0.226481,0.924437,-0.306794,0.000000,0.282678,0.239039,0.928953,0.000000,0.932094,-0.297114,-0.207180,0.000000,-16.560974,3.733880,-2.368536,1.000000;;
      }

      Frame L_uparm {
       

       FrameTransformMatrix {
        0.702612,-0.545145,0.457334,0.000000,0.515147,0.833060,0.201581,0.000000,-0.490877,0.093960,0.866147,0.000000,8.311852,-0.000483,-0.000001,1.000000;;
       }

       Frame L_forearm {
        

        FrameTransformMatrix {
         -0.457351,0.742395,0.489568,0.000000,-0.499268,-0.669926,0.549482,0.000000,0.735908,0.006881,0.677046,0.000000,16.320826,0.000048,-0.000053,1.000000;;
        }

        Frame L_hand {
         

         FrameTransformMatrix {
          0.841568,0.067939,-0.535861,0.000000,-0.389799,-0.610375,-0.689564,0.000000,-0.373925,0.789193,-0.487190,0.000000,22.886953,0.000421,0.000072,1.000000;;
         }

         Frame L_thumb {
          

          FrameTransformMatrix {
           0.829440,0.530861,0.173827,0.000000,-0.557924,0.772059,0.304377,0.000000,0.027378,-0.349445,0.936557,0.000000,6.418136,3.031371,0.511166,1.000000;;
          }

          Frame L_thumb_b {
           

           FrameTransformMatrix {
            0.958632,-0.160800,0.234869,0.000000,0.240227,0.899656,-0.364566,0.000000,-0.152679,0.405908,0.901070,0.000000,4.838860,-0.000003,0.000023,1.000000;;
           }
          }
         }

         Frame L_finger {
          

          FrameTransformMatrix {
           0.917990,-0.340611,-0.203170,0.000000,0.297979,0.930404,-0.213441,0.000000,0.261731,0.135396,0.955597,0.000000,8.536049,-0.000003,0.000000,1.000000;;
          }

          Frame L_finger_b {
           

           FrameTransformMatrix {
            0.997723,-0.029581,0.060565,0.000000,0.022264,0.992751,0.118102,0.000000,-0.063620,-0.116485,0.991153,0.000000,4.602679,0.000005,0.000016,1.000000;;
           }
          }
         }
        }
       }
      }
     }

     Frame F_cloth {
      

      FrameTransformMatrix {
       -0.915684,0.124045,0.382276,0.000000,-0.092822,-0.990734,0.099145,0.000000,0.391032,0.055302,0.918714,0.000000,-3.062133,2.322351,5.928524,1.000000;;
      }

      Frame F_cloth_b {
       

       FrameTransformMatrix {
        0.985232,-0.000337,-0.171222,0.000000,0.000352,1.000000,0.000056,0.000000,0.171222,-0.000115,0.985232,0.000000,-15.485362,-0.013246,2.083992,1.000000;;
       }

       Frame F_cloth_c {
        

        FrameTransformMatrix {
         0.909515,0.118699,0.398364,0.000000,-0.088294,0.991659,-0.093894,0.000000,-0.406186,0.050225,0.912409,0.000000,-20.343498,-0.063539,-7.436550,1.000000;;
        }

        Frame F_cloth_d {
         

         FrameTransformMatrix {
          0.954684,0.098853,0.280725,0.000000,-0.085586,0.994573,-0.059165,0.000000,-0.285050,0.032458,0.957963,0.000000,-17.661974,0.000003,-7.470459,1.000000;;
         }

         Frame F_cloth_e {
          

          FrameTransformMatrix {
           0.994463,0.105071,-0.001309,0.000000,-0.105025,0.993472,-0.044522,0.000000,-0.003378,0.044413,0.999008,0.000000,-16.950279,0.000000,-7.169428,1.000000;;
          }
         }
        }
       }
      }
     }
    }
   }
  }
 }

 Frame Model {
  

  FrameTransformMatrix {
   39.370075,-0.000000,0.000003,0.000000,0.000003,-0.000006,-39.370079,0.000000,0.000000,39.370079,-0.000006,0.000000,-0.000006,-0.000022,-0.000046,1.000000;;
  }

  Mesh Model {
   8282;
   -0.263127;-3.663020;84.584694;,
   0.357460;-3.742630;84.753792;,
   -0.250570;-14.124600;77.057991;,
   0.735527;-14.271699;77.248291;,
   -0.253094;-21.574799;69.108696;,
   1.424930;-21.844997;69.315392;,
   -0.257639;-26.760298;60.678898;,
   -1.938280;-21.857998;69.312195;,
   -1.264480;-14.280400;77.237694;,
   -0.250570;-14.124600;77.057991;,
   -0.897653;-3.748410;84.742889;,
   -0.263127;-3.663020;84.584694;,
   2.354160;-27.177296;61.006092;,
   3.173980;-31.905197;51.600895;,
   -0.274903;-31.365997;51.170795;,
   -2.864990;-27.196896;61.014091;,
   -3.166650;-22.618698;69.957596;,
   -1.969190;-14.686099;77.698891;,
   -1.371480;-3.985490;85.171692;,
   -0.243548;-3.382320;86.495689;,
   -3.718990;-31.930498;51.609596;,
   -6.233420;-33.490295;52.820396;,
   -4.765000;-28.424599;61.976894;,
   -3.606080;-23.653399;70.867790;,
   -2.197520;-15.221598;78.279694;,
   -1.969190;-14.686099;77.698891;,
   -7.136720;-35.755997;54.553196;,
   -5.446290;-30.095596;63.302994;,
   -9.149990;3.820330;81.696495;,
   -19.263800;-3.742660;76.598892;,
   -18.533701;-4.215789;76.122292;,
   -8.684150;3.461610;81.352089;,
   -8.118570;5.058149;81.264389;,
   -8.304590;3.375080;80.840889;,
   -17.914400;-4.293570;75.488792;,
   -8.304590;3.375080;80.840889;,
   -17.914400;-4.293570;75.488792;,
   -17.559099;-4.001150;74.829994;,
   -8.136980;3.588030;80.270294;,
   -8.118570;5.058149;81.264389;,
   -8.236860;4.036290;79.774193;,
   -17.552299;-3.400040;74.283890;,
   -17.906300;-2.600810;74.017494;,
   -18.540003;-1.812170;74.140091;,
   -8.980410;5.077910;79.525894;,
   -8.556539;4.582290;79.491592;,
   -8.236860;4.036290;79.774193;,
   -17.552299;-3.400040;74.283890;,
   -8.118570;5.058149;81.264389;,
   -19.255100;-1.281520;74.657394;,
   -19.835501;-1.169020;75.376495;,
   -9.729000;5.511220;80.484291;,
   -9.404600;5.418880;79.892296;,
   -18.540003;-1.812170;74.140091;,
   -8.980410;5.077910;79.525894;,
   -8.118570;5.058149;81.264389;,
   -20.145700;-1.477890;76.074089;,
   -20.147400;-2.112890;76.576393;,
   -9.839910;4.900129;81.588089;,
   -9.891320;5.326130;81.115089;,
   -19.835501;-1.169020;75.376495;,
   -9.729000;5.511220;80.484291;,
   -8.118570;5.058149;81.264389;,
   -19.845200;-2.937130;76.772293;,
   -19.263800;-3.742660;76.598892;,
   -9.149990;3.820330;81.696495;,
   -9.572080;4.347760;81.789291;,
   -20.147400;-2.112890;76.576393;,
   -9.839910;4.900129;81.588089;,
   -8.118570;5.058149;81.264389;,
   -7.758010;-1.359650;81.020790;,
   -14.713899;-11.289599;75.042290;,
   -13.853000;-11.477198;74.575890;,
   -7.186680;-1.528540;80.693695;,
   -7.168690;0.164868;80.698090;,
   -6.781090;-1.454680;80.208496;,
   -13.221200;-11.313399;73.971191;,
   -6.781090;-1.454680;80.208496;,
   -13.221200;-11.313399;73.971191;,
   -12.959601;-10.879099;73.349991;,
   -6.673410;-1.159290;79.660789;,
   -7.168690;0.164868;80.698090;,
   -6.899490;-0.730170;79.178391;,
   -13.132300;-10.268499;72.841789;,
   -13.720200;-9.602129;72.605995;,
   -14.581701;-9.060529;72.742989;,
   -7.940940;0.041504;78.922890;,
   -7.373600;-0.292703;78.897896;,
   -6.899490;-0.730170;79.178391;,
   -13.132300;-10.268499;72.841789;,
   -7.168690;0.164868;80.698090;,
   -15.448499;-8.816939;73.253990;,
   -16.057301;-8.942069;73.948090;,
   -8.825840;0.147992;79.847191;,
   -8.468070;0.205060;79.274796;,
   -14.581701;-9.060529;72.742989;,
   -7.940940;0.041504;78.922890;,
   -7.168690;0.164868;80.698090;,
   -16.272100;-9.380929;74.609291;,
   -16.082197;-10.018899;75.072090;,
   -8.764930;-0.545395;80.915092;,
   -8.939259;-0.123847;80.457489;,
   -16.057301;-8.942069;73.948090;,
   -8.825840;0.147992;79.847191;,
   -7.168690;0.164868;80.698090;,
   -15.533000;-10.719699;75.233589;,
   -14.713899;-11.289599;75.042290;,
   -7.758010;-1.359650;81.020790;,
   -8.335200;-0.999124;81.108894;,
   -16.082197;-10.018899;75.072090;,
   -8.764930;-0.545395;80.915092;,
   -7.168690;0.164868;80.698090;,
   9.019990;-12.313499;84.337692;,
   7.049520;-10.548799;86.138191;,
   4.425230;-14.241200;83.539093;,
   3.003160;-11.715398;85.650490;,
   -0.011683;-14.381798;83.745590;,
   -0.011683;-12.201099;85.194290;,
   2.252490;-10.698299;86.916893;,
   -0.011683;-10.735399;86.873795;,
   5.810460;-17.940798;97.661789;,
   4.050690;-18.913298;97.583893;,
   4.786590;-18.005198;98.135292;,
   5.807380;-17.710197;97.118690;,
   3.150330;-18.667599;97.122993;,
   3.400160;-20.890198;97.325493;,
   4.344300;-20.292898;98.026291;,
   3.189460;-19.573898;98.795990;,
   4.098740;-20.127098;98.878990;,
   6.077620;-19.895699;97.660294;,
   6.044350;-18.141397;95.454292;,
   3.099370;-19.158499;95.278595;,
   3.510490;-21.174997;95.650093;,
   6.248960;-20.742098;97.451492;,
   7.942970;-18.928999;98.282089;,
   3.625710;-19.436499;93.916191;,
   4.245230;-21.164099;94.504196;,
   4.799670;-21.604597;94.727295;,
   6.463310;-21.333797;95.829193;,
   6.036310;-18.564697;94.105690;,
   6.068190;-18.795298;92.354393;,
   3.948480;-19.784298;92.240593;,
   4.482310;-21.478798;92.798592;,
   4.919730;-21.645397;92.922989;,
   5.243680;-21.674398;92.989594;,
   6.117510;-18.734999;91.028694;,
   3.433800;-19.884499;91.276596;,
   4.111080;-21.864298;91.763596;,
   4.859650;-22.138597;91.767296;,
   5.450330;-22.202599;91.782295;,
   5.781680;-21.879398;93.141495;,
   7.350060;-19.167099;84.292992;,
   2.393890;-21.522099;84.253189;,
   2.541040;-24.803598;84.848190;,
   3.399900;-24.169397;84.405991;,
   2.408370;-22.364698;82.146492;,
   3.334680;-22.248098;82.392395;,
   3.334680;-22.248098;82.392395;,
   7.350060;-19.167099;84.292992;,
   11.506400;-20.722298;82.178894;,
   8.429550;-20.750998;78.911095;,
   10.988401;-21.053598;79.827293;,
   9.856960;-23.929197;74.843994;,
   11.402500;-22.960897;80.580391;,
   9.366490;-25.917698;79.922691;,
   8.429550;-20.750998;78.911095;,
   9.451050;-24.803999;73.466789;,
   11.695400;-22.592999;81.692390;,
   9.624800;-24.246597;85.857994;,
   8.406520;-25.339998;85.707893;,
   5.523010;-25.056698;79.801895;,
   4.600620;-23.300798;79.848892;,
   8.429550;-20.750998;78.911095;,
   10.367601;-25.266197;86.448593;,
   7.441850;-23.464197;89.745689;,
   3.334680;-22.248098;82.392395;,
   7.350060;-19.167099;84.292992;,
   13.024000;-22.616098;80.921089;,
   12.202300;-21.348799;86.512794;,
   8.206430;-22.835798;92.097794;,
   6.865590;-23.759798;91.614594;,
   11.638699;-19.955198;82.479095;,
   10.864801;-19.599598;85.804893;,
   9.528710;-20.189697;92.007690;,
   7.636900;-21.914997;93.483292;,
   6.735760;-21.486698;95.033295;,
   11.506400;-20.722298;82.178894;,
   7.350060;-19.167099;84.292992;,
   6.117510;-18.734999;91.028694;,
   8.692721;-19.008398;91.446693;,
   8.564420;-20.081497;93.151291;,
   11.695400;-22.592999;81.692390;,
   8.178759;-20.432999;94.998795;,
   9.087940;-19.267597;96.242195;,
   9.121801;-18.843199;98.106094;,
   8.482420;-19.702799;94.853691;,
   8.298220;-18.229898;95.625793;,
   8.084940;-17.889797;97.495293;,
   7.830430;-18.484598;98.128792;,
   5.810460;-17.940798;97.661789;,
   5.807380;-17.710197;97.118690;,
   7.892080;-18.710897;94.477394;,
   6.044350;-18.141397;95.454292;,
   8.040140;-19.023897;92.771095;,
   6.036310;-18.564697;94.105690;,
   6.068190;-18.795298;92.354393;,
   3.974170;8.050169;145.352982;,
   0.882177;7.772479;147.224991;,
   1.852650;6.057839;147.984985;,
   4.894000;5.332530;146.022980;,
   5.472040;8.077319;143.699982;,
   6.434840;5.091899;144.341980;,
   7.402740;0.472119;146.317978;,
   8.587110;1.149790;145.519989;,
   9.355310;1.602910;147.993988;,
   8.236500;1.236030;148.680984;,
   6.002380;0.305167;147.282990;,
   7.149420;1.365080;149.265991;,
   5.978750;1.705060;149.849991;,
   4.554470;0.745442;148.041992;,
   9.336400;2.097740;150.509979;,
   8.623850;1.751600;150.754990;,
   7.713310;1.751540;150.981979;,
   6.832290;2.258090;151.231979;,
   6.382780;2.539240;151.402985;,
   5.148230;2.148480;150.209991;,
   8.940790;2.463800;152.302979;,
   8.607970;2.774120;153.209991;,
   8.053570;2.897340;153.099991;,
   9.447770;2.950770;152.873978;,
   5.783190;3.154920;151.361984;,
   4.603390;3.218690;149.802979;,
   3.159520;1.751560;148.437988;,
   2.805840;-0.022549;146.681992;,
   1.650220;1.133480;146.817978;,
   2.543350;3.219130;148.023987;,
   1.189210;3.160810;146.163986;,
   0.731617;1.617760;149.037979;,
   2.899830;1.374620;148.520981;,
   2.442480;4.795270;148.553986;,
   5.358420;3.772660;146.412979;,
   4.894000;5.332530;146.022980;,
   1.852650;6.057839;147.984985;,
   0.256470;5.066130;148.381989;,
   5.293620;0.803560;146.832977;,
   6.486260;3.180040;144.643982;,
   6.434840;5.091899;144.341980;,
   6.369670;3.887980;151.234985;,
   5.164670;3.810850;149.424988;,
   5.783190;3.154920;151.361984;,
   6.006370;3.769780;149.030991;,
   4.673510;4.415520;146.620987;,
   3.651440;4.484920;147.034988;,
   2.543350;3.219130;148.023987;,
   4.603390;3.218690;149.802979;,
   7.177920;3.919740;151.047989;,
   6.442700;3.389570;148.851990;,
   5.357050;3.358130;146.641983;,
   4.366700;3.516650;144.781982;,
   3.491540;4.220610;144.426987;,
   7.806650;3.818520;153.442978;,
   8.433030;3.776500;153.130981;,
   8.345179;3.584780;152.475983;,
   7.497980;3.540110;150.934982;,
   8.196130;3.270610;150.711990;,
   7.428950;2.888890;148.452988;,
   6.269700;2.682280;146.051987;,
   4.772610;2.875120;143.882980;,
   5.624060;3.074080;143.396988;,
   8.661430;3.517120;152.284988;,
   8.788160;3.259630;150.633987;,
   8.512190;2.790790;148.041992;,
   7.466490;2.738910;145.444992;,
   6.903050;2.191150;142.678986;,
   8.048010;2.721380;145.071991;,
   8.587110;1.149790;145.519989;,
   9.128879;3.667570;152.377991;,
   9.219810;3.091510;150.515991;,
   9.105850;2.830430;147.781982;,
   9.355310;1.602910;147.993988;,
   9.336400;2.097740;150.509979;,
   9.447770;2.950770;152.873978;,
   9.492790;3.462760;152.764984;,
   2.287140;4.511920;144.852982;,
   1.189210;3.160810;146.163986;,
   66.002701;-20.903498;45.229397;,
   64.686996;-25.410398;46.861298;,
   76.115196;-26.249199;42.083496;,
   76.150497;-21.768799;38.021896;,
   84.420403;-27.902000;33.381695;,
   74.715302;-20.310099;32.479195;,
   85.694397;-43.262997;40.809998;,
   80.396698;-43.080597;41.462498;,
   83.364998;-38.239796;41.224495;,
   49.077000;-24.311998;52.085197;,
   45.133999;-23.024899;52.394695;,
   48.049301;-20.679499;54.083492;,
   67.362000;-16.537998;39.344296;,
   65.557701;-17.581898;42.177296;,
   63.333996;-16.143198;38.363995;,
   52.157101;-14.970499;37.044495;,
   52.877300;-13.630998;39.980698;,
   49.511299;-16.358797;38.011898;,
   72.685097;-42.980297;15.938798;,
   70.665001;-38.681797;18.941198;,
   68.403603;-42.365696;22.153997;,
   69.274696;-23.123499;42.874294;,
   65.297203;-19.412998;42.380398;,
   67.502197;-19.808098;46.334396;,
   40.278599;-22.368898;47.181595;,
   46.238201;-27.679499;41.514595;,
   42.274502;-23.601398;49.810295;,
   45.910599;-24.693998;38.880096;,
   51.877796;-29.259398;33.782497;,
   52.392502;-32.636696;36.907597;,
   59.585602;-37.526596;26.478298;,
   39.626499;-19.620197;45.165398;,
   46.980999;-20.383497;37.615894;,
   53.074200;-24.493498;31.980198;,
   63.728104;-32.287197;23.348598;,
   70.118202;-41.441795;17.240297;,
   68.403603;-42.365696;22.153997;,
   72.685097;-42.980297;15.938798;,
   40.613098;-16.232098;44.359695;,
   49.511299;-16.358797;38.011898;,
   55.967201;-19.940098;32.300896;,
   67.875397;-27.381996;23.236399;,
   70.665001;-38.681797;18.941198;,
   42.811298;-12.886899;44.805397;,
   51.908798;-14.237099;36.281296;,
   52.157101;-14.970499;37.044495;,
   52.877300;-13.630998;39.980698;,
   45.624100;-10.483399;46.390995;,
   48.299500;-9.645629;48.710697;,
   56.256996;-12.845399;43.029495;,
   59.735294;-16.867699;34.644897;,
   37.064999;-10.138999;51.445995;,
   39.451900;-8.049799;52.911297;,
   41.806301;-7.382319;54.975494;,
   50.312000;-10.813598;51.288197;,
   58.253700;-13.943099;46.327698;,
   66.075500;-15.761299;40.556595;,
   63.333996;-16.143198;38.363995;,
   74.715302;-20.310099;32.479195;,
   71.632202;-23.291597;26.476898;,
   80.299896;-27.713596;22.772299;,
   75.691101;-32.893597;19.304598;,
   67.362000;-16.537998;39.344296;,
   65.557701;-17.581898;42.177296;,
   86.294403;-36.118694;21.911398;,
   82.427002;-38.545998;18.995098;,
   79.943298;-43.302197;19.302198;,
   79.152298;-47.635098;20.935898;,
   88.691002;-43.698795;18.174997;,
   86.810501;-46.961697;17.996298;,
   86.228104;-50.271797;19.398098;,
   79.535400;-50.703896;23.519598;,
   91.367104;-41.656895;19.858297;,
   97.369598;-50.192898;14.911899;,
   96.592697;-51.696396;14.840200;,
   96.524902;-53.399998;15.461899;,
   87.003601;-53.036697;21.689098;,
   81.363899;-52.945198;27.727398;,
   70.910797;-48.640797;32.503197;,
   98.579697;-49.392796;15.633699;,
   101.098999;-52.743397;12.938199;,
   101.623001;-52.472397;13.232898;,
   103.071999;-53.832397;11.133699;,
   103.377998;-53.650394;11.283899;,
   104.664001;-54.311691;8.627469;,
   93.849403;-41.424595;22.463999;,
   99.923897;-49.455296;16.825499;,
   102.277000;-52.595997;13.727299;,
   103.751999;-53.684696;11.509498;,
   101.098999;-52.743397;12.938199;,
   100.811996;-53.394997;12.905299;,
   100.890999;-54.183495;13.161298;,
   102.888000;-54.213696;11.086899;,
   102.916000;-54.645695;11.173599;,
   104.664001;-54.311691;8.627469;,
   103.071999;-53.832397;11.133699;,
   83.276299;-25.430998;28.069399;,
   84.420403;-27.902000;33.381695;,
   36.877201;-19.474499;55.528801;,
   45.133999;-23.024899;52.394695;,
   39.277199;-18.951498;57.810196;,
   47.094101;-23.160997;54.033695;,
   41.683498;-16.923397;59.357491;,
   48.049301;-20.679499;54.083492;,
   49.077000;-24.311998;52.085197;,
   51.460899;-27.995298;47.831795;,
   48.049301;-20.679499;54.083492;,
   54.875397;-25.144098;49.834297;,
   57.999199;-33.061996;44.185795;,
   61.730202;-29.891298;46.468998;,
   70.758797;-37.053097;43.793896;,
   65.967697;-41.275295;40.844296;,
   74.492996;-48.351795;37.672897;,
   80.396698;-43.080597;41.462498;,
   54.580696;-33.972595;40.659897;,
   62.293404;-42.057796;36.560898;,
   84.681099;-52.222797;31.939299;,
   88.431503;-49.233894;34.643898;,
   92.830498;-54.733696;25.913298;,
   95.577103;-52.884598;27.294298;,
   99.813301;-55.949902;19.015198;,
   101.108002;-55.145393;19.703798;,
   89.457802;-54.850693;24.267298;,
   98.314400;-55.797497;17.948298;,
   101.919998;-55.440697;14.115299;,
   102.608002;-55.569199;14.550000;,
   103.190002;-55.239700;14.835800;,
   104.196999;-55.117393;11.996599;,
   97.160797;-54.904697;16.607597;,
   101.291000;-54.931896;13.608798;,
   101.919998;-55.440697;14.115299;,
   103.471001;-55.296997;11.602099;,
   103.127998;-55.043201;11.361499;,
   104.664001;-54.311691;8.627469;,
   100.890999;-54.183495;13.161298;,
   102.916000;-54.645695;11.173599;,
   64.686996;-25.410398;46.861298;,
   74.734100;-31.254396;44.349697;,
   76.115196;-26.249199;42.083496;,
   61.730202;-29.891298;46.468998;,
   70.758797;-37.053097;43.793896;,
   83.151299;-41.507797;42.295395;,
   83.364998;-38.239796;41.224495;,
   85.694397;-43.262997;40.809998;,
   80.396698;-43.080597;41.462498;,
   54.875397;-25.144098;49.834297;,
   57.508396;-21.074598;50.255898;,
   48.049301;-20.679499;54.083492;,
   101.056000;-50.382996;18.180098;,
   102.277000;-52.595997;13.727299;,
   102.959000;-53.051098;14.136099;,
   103.751999;-53.684696;11.509498;,
   104.098999;-53.926693;11.751599;,
   104.664001;-54.311691;8.627469;,
   104.323997;-54.316296;11.944599;,
   103.315002;-53.817696;14.687198;,
   101.662003;-51.896297;19.315498;,
   80.396698;-43.080597;41.462498;,
   91.407799;-44.560898;34.636898;,
   88.431503;-49.233894;34.643898;,
   97.106796;-49.640396;27.806801;,
   95.577103;-52.884598;27.294298;,
   101.766998;-53.678097;19.815397;,
   103.315002;-53.817696;14.687198;,
   103.430000;-54.611492;14.893899;,
   104.360001;-54.752495;12.034898;,
   104.323997;-54.316296;11.944599;,
   104.664001;-54.311691;8.627469;,
   101.108002;-55.145393;19.703798;,
   103.190002;-55.239700;14.835800;,
   104.196999;-55.117393;11.996599;,
   65.364403;-22.029198;44.518196;,
   65.297203;-19.412998;42.380398;,
   69.274696;-23.123499;42.874294;,
   67.502197;-19.808098;46.334396;,
   103.855003;-55.333694;11.831799;,
   103.471001;-55.296997;11.602099;,
   104.664001;-54.311691;8.627469;,
   55.166004;-37.341900;36.863598;,
   52.392502;-32.636696;36.907597;,
   54.580696;-33.972595;40.659897;,
   46.238201;-27.679499;41.514595;,
   48.206100;-28.832895;44.796597;,
   42.274502;-23.601398;49.810295;,
   51.813702;-35.340397;38.850300;,
   54.580696;-33.972595;40.659897;,
   51.460899;-27.995298;47.831795;,
   45.133999;-23.024899;52.394695;,
   52.392502;-32.636696;36.907597;,
   55.166004;-37.341900;36.863598;,
   59.456600;-40.847996;31.354401;,
   59.585602;-37.526596;26.478298;,
   62.293404;-42.057796;36.560898;,
   68.289803;-46.377995;26.934500;,
   70.910797;-48.640797;32.503197;,
   79.535400;-50.703896;23.519598;,
   79.152298;-47.635098;20.935898;,
   68.403603;-42.365696;22.153997;,
   39.288300;-23.219997;52.536297;,
   36.505699;-23.910797;55.284302;,
   36.284000;-21.480099;53.539295;,
   26.605499;-33.280197;48.698895;,
   25.237200;-29.384598;51.086597;,
   26.947002;-30.757998;53.167995;,
   37.621399;-21.828499;50.937996;,
   35.159302;-18.442198;53.270496;,
   36.877201;-19.474499;55.528801;,
   16.060499;-8.856679;75.131294;,
   15.701101;-9.608889;75.421394;,
   23.700197;-15.235699;68.762291;,
   23.036699;-16.578697;69.223892;,
   29.394300;-21.982098;63.242695;,
   30.414900;-19.863598;62.507195;,
   23.622700;-14.098798;67.879494;,
   16.060499;-8.856679;75.131294;,
   16.050800;-8.249559;74.610596;,
   15.010101;-10.318899;75.418190;,
   21.789700;-17.748999;69.169289;,
   27.487200;-23.847597;63.162994;,
   32.755600;-29.336798;56.241592;,
   35.235001;-26.824799;56.312191;,
   36.505699;-23.910797;55.284302;,
   38.224800;-22.075798;53.776001;,
   30.280001;-18.062298;61.177395;,
   29.037298;-17.062199;59.538494;,
   22.835699;-13.482899;66.782593;,
   15.673400;-7.923600;73.964394;,
   41.687801;-28.166998;49.467598;,
   41.400101;-25.352398;47.385597;,
   36.284000;-21.480099;53.539295;,
   39.441399;-23.794998;44.975597;,
   34.603199;-20.112398;51.456898;,
   39.288300;-23.219997;52.536297;,
   45.833401;-28.704298;38.659195;,
   42.061798;-28.758495;35.993595;,
   36.437801;-24.047699;42.943695;,
   31.959402;-20.259098;49.627895;,
   27.011299;-17.130999;57.985497;,
   21.538900;-13.544998;65.772095;,
   15.673400;-7.923600;73.964394;,
   14.972701;-7.971530;73.365494;,
   28.976400;-21.770098;48.505898;,
   24.742302;-18.263798;56.952698;,
   20.073299;-14.265499;65.138695;,
   14.116499;-8.404519;73.000389;,
   33.035000;-25.791998;41.704395;,
   26.424999;-24.210299;48.390396;,
   22.806299;-20.113499;56.802795;,
   18.831699;-15.451198;65.074394;,
   13.357400;-9.102390;73.021996;,
   14.116499;-8.404519;73.000389;,
   30.118702;-28.576500;41.593197;,
   25.027800;-26.958199;49.323895;,
   21.764601;-22.229097;57.601093;,
   18.150200;-16.784397;65.595093;,
   12.937899;-9.841499;73.391693;,
   37.996799;-30.701698;34.461197;,
   34.628300;-34.079494;34.449097;,
   28.475798;-31.652798;42.638798;,
   25.237200;-29.384598;51.086597;,
   21.893499;-24.028399;59.064491;,
   18.214001;-17.908197;66.538094;,
   12.953600;-10.425399;73.968491;,
   12.937899;-9.841499;73.391693;,
   28.703802;-34.457294;44.690697;,
   26.947002;-30.757998;53.167995;,
   30.660603;-36.078197;47.134197;,
   33.854599;-36.125896;49.379196;,
   29.720198;-30.776999;55.092396;,
   23.157600;-25.028599;60.751797;,
   25.323500;-31.793299;50.757797;,
   26.605499;-33.280197;48.698895;,
   35.887600;-36.674595;50.830296;,
   32.755600;-29.336798;56.241592;,
   25.204397;-24.962097;62.255596;,
   19.006201;-18.521399;67.636589;,
   13.379500;-10.739299;74.588089;,
   27.487200;-23.847597;63.162994;,
   20.314899;-18.462797;68.598389;,
   14.124501;-10.718898;75.112793;,
   13.379500;-10.739299;74.588089;,
   21.789700;-17.748999;69.169289;,
   15.010101;-10.318899;75.418190;,
   51.496899;-33.508297;33.408295;,
   54.471500;-33.715897;35.299595;,
   55.424404;-34.765297;33.988495;,
   35.863400;-20.742098;52.859898;,
   35.159302;-18.442198;53.270496;,
   37.621399;-21.828499;50.937996;,
   36.877201;-19.474499;55.528801;,
   65.557701;-17.581898;42.177296;,
   76.150497;-21.768799;38.021896;,
   74.715302;-20.310099;32.479195;,
   66.002701;-20.903498;45.229397;,
   67.502197;-19.808098;46.334396;,
   70.270798;-17.720299;49.929295;,
   62.334202;-14.489800;52.807796;,
   64.662102;-10.652699;54.719597;,
   77.441498;-25.620699;43.320995;,
   74.753403;-25.631199;37.899395;,
   85.071503;-28.703499;34.400898;,
   74.289101;-22.754498;32.767796;,
   84.392097;-25.164099;29.304298;,
   86.120598;-24.130098;24.417498;,
   77.005898;-16.779697;29.402100;,
   64.013397;-11.772499;36.809795;,
   64.077599;-16.545898;38.955498;,
   56.725800;-13.531998;43.349094;,
   56.630798;-9.192890;41.771996;,
   8.283950;4.244380;81.992195;,
   18.577400;-2.838770;76.446594;,
   19.088900;-2.000050;76.526993;,
   8.673200;4.800220;82.032494;,
   7.138640;5.389920;81.589195;,
   8.879120;5.357870;81.798996;,
   19.299500;-1.181010;76.281990;,
   8.629530;5.897339;80.694290;,
   8.857950;5.759990;81.314690;,
   18.835699;-0.315787;75.089691;,
   19.208099;-0.574317;75.768295;,
   8.879120;5.357870;81.798996;,
   19.299500;-1.181010;76.281990;,
   7.852750;5.368070;79.790489;,
   8.265761;5.748320;80.124489;,
   17.531900;-1.083900;73.966690;,
   18.228300;-0.491873;74.421593;,
   8.629530;5.897339;80.694290;,
   18.835699;-0.315787;75.089691;,
   7.852750;5.368070;79.790489;,
   17.531900;-1.083900;73.966690;,
   7.466170;4.839470;79.791389;,
   16.949100;-1.925960;73.904091;,
   7.217760;4.295770;80.113190;,
   16.669001;-2.747430;74.222290;,
   17.838900;-3.406760;76.048294;,
   18.577400;-2.838770;76.446594;,
   8.283950;4.244380;81.992195;,
   7.819680;3.840510;81.697189;,
   17.174803;-3.567650;75.449791;,
   7.414020;3.702600;81.211792;,
   7.138640;5.389920;81.589195;,
   7.217760;4.295770;80.113190;,
   16.669001;-2.747430;74.222290;,
