xof 0303txt 0032
template VertexDuplicationIndices {
 <b8d65549-d7c9-4995-89cf-53a9a8b031e3>
 DWORD nIndices;
 DWORD nOriginalVertices;
 array DWORD indices[nIndices];
}

template EffectParamDWord {
 <e13963bc-ae51-4c5d-b00f-cfa3a9d97ce5>
 STRING ParamName;
 DWORD Value;
}

template FVFData {
 <b6e70a0e-8ef9-4e83-94ad-ecc8b0c04897>
 DWORD dwFVF;
 DWORD nDWords;
 array DWORD data[nDWords];
}

template EffectFloats {
 <f1cfe2b3-0de3-4e28-afa1-155a750a282d>
 DWORD nFloats;
 array FLOAT Floats[nFloats];
}

template EffectString {
 <d55b097e-bdb6-4c52-b03d-6051c89d0e42>
 STRING Value;
}

template EffectDWord {
 <622c0ed0-956e-4da9-908a-2af94f3ce716>
 DWORD Value;
}

template EffectInstance {
 <e331f7e4-0559-4cc2-8e99-1cec1657928f>
 STRING EffectFilename;
 [...]
}

template AnimTicksPerSecond {
 <9e415a43-7ba6-4a73-8743-b73d47e88476>
 DWORD AnimTicksPerSecond;
}

template VertexElement {
 <f752461c-1e23-48f6-b9f8-8350850f336f>
 DWORD Type;
 DWORD Method;
 DWORD Usage;
 DWORD UsageIndex;
}

template DeclData {
 <bf22e553-292c-4781-9fea-62bd554bdd93>
 DWORD nElements;
 array VertexElement Elements[nElements];
 DWORD nDWords;
 array DWORD data[nDWords];
}

template EffectParamFloats {
 <3014b9a0-62f5-478c-9b86-e4ac9f4e418b>
 STRING ParamName;
 DWORD nFloats;
 array FLOAT Floats[nFloats];
}

template EffectParamString {
 <1dbc4c88-94c1-46ee-9076-2c28818c9481>
 STRING ParamName;
 STRING Value;
}


AnimTicksPerSecond {
 4800;
}

Frame {
 

 FrameTransformMatrix {
  1.000000,0.000000,0.000000,0.000000,0.000000,1.000000,0.000000,0.000000,0.000000,0.000000,1.000000,0.000000,0.000000,0.000000,0.000000,1.000000;;
 }

 Frame Armature {
  

  FrameTransformMatrix {
   39.370079,0.000000,-0.000000,0.000000,-0.000000,0.000002,-39.370075,0.000000,0.000000,39.370075,0.000002,0.000000,0.000000,0.000000,0.000000,1.000000;;
  }

  Frame C_Buffbone_Glb_Center_Loc {
   

   FrameTransformMatrix {
    -1.000000,0.000086,0.000000,0.000000,-0.000086,-1.000000,-0.000000,0.000000,-0.000000,0.000000,1.000000,0.000000,-0.000207,-28.190596,72.751297,1.000000;;
   }
  }

  Frame C_Buffbone_Glb_Layout_Loc {
   

   FrameTransformMatrix {
    -1.000000,0.000086,0.000000,0.000000,-0.000086,-1.000000,-0.000000,0.000000,-0.000000,0.000000,1.000000,0.000000,-0.000207,-6.158000,0.000000,1.000000;;
   }
  }

  Frame Root {
   

   FrameTransformMatrix {
    0.921647,-0.387476,-0.020691,0.000000,-0.184034,-0.389551,-0.902431,0.000000,0.341610,0.835531,-0.430338,0.000000,-21.437504,-239.954193,75.015152,1.000000;;
   }

   Frame Spine1 {
    

    FrameTransformMatrix {
     -0.000149,-0.959479,-0.281779,0.000000,0.998670,-0.014670,0.049423,0.000000,-0.051554,-0.281397,0.958206,0.000000,0.000000,19.154097,0.382057,1.000000;;
    }

    Frame Rock5 {
     

     FrameTransformMatrix {
      0.000145,-0.998676,0.051431,0.000000,0.959266,0.014668,0.282122,0.000000,-0.282503,0.049295,0.957999,0.000000,7.426153,-26.953407,40.968708,1.000000;;
     }
    }

    Frame Rock4 {
     

     FrameTransformMatrix {
      0.000145,-0.998676,0.051430,0.000000,0.959266,0.014668,0.282122,0.000000,-0.282503,0.049294,0.957999,0.000000,11.110405,10.228102,53.780396,1.000000;;
     }
    }

    Frame Rock3 {
     

     FrameTransformMatrix {
      0.000145,-0.998676,0.051431,0.000000,0.959266,0.014668,0.282122,0.000000,-0.282503,0.049295,0.957999,0.000000,-22.108301,15.331505,11.525784,1.000000;;
     }
    }

    Frame Rock2 {
     

     FrameTransformMatrix {
      0.000145,-0.998676,0.051431,0.000000,0.959266,0.014668,0.282122,0.000000,-0.282503,0.049295,0.957999,0.000000,12.596001,40.858608,23.192394,1.000000;;
     }
    }

    Frame Rock1 {
     

     FrameTransformMatrix {
      0.000145,-0.998676,0.051430,0.000000,0.959266,0.014668,0.282122,0.000000,-0.282503,0.049294,0.957999,0.000000,-21.921003,-31.002007,3.032559,1.000000;;
     }
    }

    Frame R_Clavicle {
     

     FrameTransformMatrix {
      -0.000196,0.999997,-0.000153,0.000000,0.959411,0.000232,0.282012,0.000000,0.282012,-0.000092,-0.959411,0.000000,-25.000006,20.000004,-7.000023,1.000000;;
     }

     Frame R_Shoulder {
      

      FrameTransformMatrix {
       0.585546,-0.768446,-0.258123,0.000000,0.754339,0.633113,-0.173612,0.000000,0.296832,-0.093054,0.950385,0.000000,8.326325,18.724899,9.024590,1.000000;;
      }

      Frame R_Elbow {
       

       FrameTransformMatrix {
        0.344589,0.000042,0.938754,0.000000,-0.000120,1.000000,-0.000001,0.000000,-0.938754,-0.000113,0.344589,0.000000,41.015652,0.000067,0.000005,1.000000;;
       }

       Frame R_Buffbone_Glb_Hand_Loc {
        

        FrameTransformMatrix {
         -0.000041,-1.000000,0.000003,0.000000,0.000703,0.000003,0.999998,0.000000,-1.000000,0.000041,0.000703,0.000000,21.274012,-0.000027,0.000008,1.000000;;
        }
       }

       Frame R_Paw {
        

        FrameTransformMatrix {
         0.877420,-0.173288,-0.447331,0.000000,0.150292,0.984831,-0.086716,0.000000,0.455572,0.008856,0.890155,0.000000,25.219820,-0.000031,0.000012,1.000000;;
        }

        Frame R_PawToe {
         

         FrameTransformMatrix {
          0.394003,-0.007809,-0.919075,0.000000,0.192171,0.978562,0.074068,0.000000,0.898794,-0.205803,0.387058,0.000000,5.914052,0.315156,-9.725883,1.000000;;
         }
        }
       }
      }
     }
    }

    Frame Head {
     

     FrameTransformMatrix {
      0.062346,0.997419,0.035605,0.000000,-0.821187,0.071540,-0.566156,0.000000,-0.567243,0.006059,0.823528,0.000000,-28.503504,-0.883423,-12.747827,1.000000;;
     }

     Frame R_Pincer {
      

      FrameTransformMatrix {
       0.469846,0.573575,-0.671011,0.000000,0.844708,-0.071393,0.530444,0.000000,0.256344,-0.816035,-0.518048,0.000000,22.379299,3.861789,-11.174302,1.000000;;
      }

      Frame R_Pincer2 {
       

       FrameTransformMatrix {
        0.469847,-0.866023,-0.171011,0.000000,0.813797,0.500002,-0.296198,0.000000,0.342020,-0.000000,0.939692,0.000000,20.096109,-0.000009,-0.000002,1.000000;;
       }
      }
     }

     Frame L_Pincer {
      

      FrameTransformMatrix {
       0.122782,-0.707229,0.696241,0.000000,0.991762,0.061630,-0.112295,0.000000,0.036509,0.704293,0.708970,0.000000,-23.906101,4.182390,-9.648706,1.000000;;
      }

      Frame L_Pincer2 {
       

       FrameTransformMatrix {
        0.707107,-0.707105,-0.000000,0.000000,0.707106,0.707108,0.000000,0.000000,0.000000,-0.000000,1.000000,0.000000,-22.417307,-0.000001,-0.000007,1.000000;;
       }
      }
     }

     Frame C_Buffbone_Glb_Head_Loc {
      

      FrameTransformMatrix {
       1.000000,0.000086,0.000000,0.000000,-0.000086,1.000000,0.000000,0.000000,0.000000,0.000000,1.000000,0.000000,-0.000054,1.794779,4.255659,1.000000;;
      }
     }
    }

    Frame L_Clavicle {
     

     FrameTransformMatrix {
      0.000046,1.000000,0.000007,0.000000,-0.959415,0.000046,-0.281996,0.000000,-0.281996,0.000007,0.959416,0.000000,-25.000008,-20.000000,-7.000061,1.000000;;
     }

     Frame L_Shoulder {
      

      FrameTransformMatrix {
       0.485045,-0.715719,-0.502472,0.000000,0.754362,0.633095,-0.173578,0.000000,0.442345,-0.294852,0.846990,0.000000,-8.326301,-18.724899,-9.024577,1.000000;;
      }

      Frame L_Elbow {
       

       FrameTransformMatrix {
        -0.182567,-0.000022,0.983193,0.000000,-0.000121,1.000000,-0.000000,0.000000,-0.983193,-0.000119,-0.182567,0.000000,-41.015598,-0.000003,-0.000008,1.000000;;
       }

       Frame L_Buffbone_Glb_Hand_Loc {
        

        FrameTransformMatrix {
         -0.000041,-1.000000,-0.000000,0.000000,-0.001866,-0.000000,0.999997,0.000000,-0.999998,0.000041,-0.001867,0.000000,-21.274105,-0.000029,0.000032,1.000000;;
        }
       }

       Frame L_Paw {
        

        FrameTransformMatrix {
         0.897902,-0.172690,-0.404908,0.000000,0.150313,0.984830,-0.086694,0.000000,0.413737,0.016980,0.910238,0.000000,-25.219810,0.000009,0.000042,1.000000;;
        }

        Frame L_PawToe {
         

         FrameTransformMatrix {
          0.394004,-0.007806,-0.919076,0.000000,0.192170,0.978562,0.074071,0.000000,0.898795,-0.205803,0.387058,0.000000,-5.914002,-0.315229,9.725797,1.000000;;
         }
        }
       }
      }
     }
    }
   }

   Frame Pelvis {
    

    FrameTransformMatrix {
     0.000000,-1.000000,-0.000000,0.000000,1.000000,0.000000,0.000000,0.000000,0.000000,-0.000000,1.000000,0.000000,0.000000,-13.561302,-4.553322,1.000000;;
    }

    Frame R_Hip {
     

     FrameTransformMatrix {
      -0.307550,0.837202,-0.452222,0.000000,0.931426,0.362060,0.036834,0.000000,0.194569,-0.409883,-0.891144,0.000000,9.499988,26.000000,2.999996,1.000000;;
     }

     Frame R_Knee {
      

      FrameTransformMatrix {
       -0.208832,-0.000013,0.977951,0.000000,-0.000121,1.000000,-0.000013,0.000000,-0.977951,-0.000121,-0.208832,0.000000,35.821007,-0.000010,-0.000014,1.000000;;
      }

      Frame R_Foot {
       

       FrameTransformMatrix {
        0.833277,0.001431,-0.552854,0.000000,-0.194974,0.936506,-0.291446,0.000000,0.517334,0.350648,0.780648,0.000000,22.015900,0.000021,0.000002,1.000000;;
       }

       Frame R_Toe {
        

        FrameTransformMatrix {
         0.278601,0.049634,-0.959123,0.000000,-0.213455,0.976886,-0.011450,0.000000,0.936386,0.207919,0.282756,0.000000,3.987839,0.780846,-8.611835,1.000000;;
        }
       }
      }

      Frame R_Buffbone_Glb_Foot_Loc {
       

       FrameTransformMatrix {
        -0.000213,1.000000,-0.000008,0.000000,-0.000789,-0.000008,-1.000000,0.000000,-0.999999,-0.000212,0.000789,0.000000,19.945002,-0.000006,0.000048,1.000000;;
       }
      }
     }
    }

    Frame L_Hip {
     

     FrameTransformMatrix {
      0.363362,0.920872,-0.141291,0.000000,-0.931487,0.361913,-0.036742,0.000000,0.017300,0.144962,0.989286,0.000000,9.500018,-26.000000,3.000040,1.000000;;
     }

     Frame L_Knee {
      

      FrameTransformMatrix {
       0.164058,0.000011,0.986451,0.000000,-0.000121,1.000000,0.000009,0.000000,-0.986451,-0.000120,0.164058,0.000000,-35.821003,-0.000004,0.000002,1.000000;;
      }

      Frame L_Foot {
       

       FrameTransformMatrix {
        0.888100,0.042583,-0.457674,0.000000,-0.195327,0.936288,-0.291911,0.000000,0.416085,0.348642,0.839835,0.000000,-22.016003,-0.000006,0.000006,1.000000;;
       }

       Frame L_Toe {
        

        FrameTransformMatrix {
         0.278601,0.049634,-0.959124,0.000000,-0.213455,0.976886,-0.011450,0.000000,0.936386,0.207919,0.282756,0.000000,-3.987820,-0.780865,8.611845,1.000000;;
        }
       }
      }

      Frame L_Buffbone_Glb_Foot_Loc {
       

       FrameTransformMatrix {
        -0.000212,0.999999,-0.000008,0.000000,-0.000680,-0.000008,-0.999999,0.000000,-1.000000,-0.000212,0.000681,0.000000,-19.944998,0.000006,-0.000063,1.000000;;
       }
      }
     }
    }

    Frame Tail1 {
     

     FrameTransformMatrix {
      -0.943282,0.000069,-0.331993,0.000000,-0.000073,-1.000000,-0.000000,0.000000,-0.331993,0.000024,0.943282,0.000000,27.524599,0.512664,-3.963782,1.000000;;
     }

     Frame Tail2 {
      

      FrameTransformMatrix {
       0.806399,0.000044,-0.591372,0.000000,-0.000054,1.000000,0.000001,0.000000,0.591372,0.000031,0.806399,0.000000,-20.374783,-0.516297,2.436691,1.000000;;
      }
     }
    }
   }
  }
 }

 Frame Model {
  

  FrameTransformMatrix {
   39.370079,-0.000000,0.000003,0.000000,0.000003,-0.000006,-39.370079,0.000000,0.000000,39.370079,-0.000006,0.000000,-0.000000,0.000075,-0.000225,1.000000;;
  }

  Mesh Model {
   1950;
   48.690498;-40.833000;107.972008;,
   31.091402;-46.224098;93.670998;,
   43.595501;-45.139801;104.536003;,
   45.131401;-29.675802;109.357002;,
   26.185801;-32.435699;83.292900;,
   23.156900;-48.447899;81.144600;,
   37.109402;-25.137600;68.189201;,
   32.490002;-46.199799;76.789299;,
   37.966900;-45.567101;69.900597;,
   44.513802;-41.283699;64.383003;,
   40.296101;-18.629997;102.888000;,
   25.103901;-22.392300;80.742996;,
   39.577999;-11.418500;98.057297;,
   24.385799;-15.180800;75.912201;,
   42.039700;-7.197980;92.896896;,
   45.232800;-1.225930;85.617104;,
   30.372702;-2.686280;63.031303;,
   43.229900;-3.727120;60.066898;,
   51.590401;-7.182850;57.274399;,
   51.326401;-20.823601;58.047295;,
   49.078602;-35.388901;62.018204;,
   45.896999;3.377870;84.735703;,
   43.987000;-0.935150;65.867599;,
   52.352402;-0.628920;68.067497;,
   51.174198;4.056410;78.653099;,
   42.039700;-7.197980;92.896896;,
   39.577999;-11.418500;98.057297;,
   40.296101;-18.629997;102.888000;,
   50.782600;-21.610701;95.336700;,
   48.690102;-7.633460;86.853203;,
   45.232800;-1.225930;85.617104;,
   49.669601;-6.264740;83.519798;,
   52.873600;-1.013760;78.560799;,
   45.896999;3.377870;84.735703;,
   45.131401;-29.675802;109.357002;,
   55.694801;-36.258999;98.535599;,
   65.544197;-31.286400;92.161697;,
   59.871803;-18.370800;86.246300;,
   53.287300;-9.427930;83.230904;,
   53.251202;-8.408010;79.824997;,
   48.690498;-40.833000;107.972008;,
   54.730503;-40.389500;95.581902;,
   66.596298;-35.198601;89.211601;,
   60.625099;-18.046301;82.008904;,
   43.595501;-45.139801;104.536003;,
   41.543800;-42.955101;86.963699;,
   57.747604;-35.328400;75.796600;,
   56.478203;-20.990299;71.994598;,
   51.560799;-12.480200;69.598900;,
   52.708698;-3.300860;68.046700;,
   31.091402;-46.224098;93.670998;,
   32.490002;-46.199799;76.789299;,
   37.966900;-45.567101;69.900597;,
   44.513802;-41.283699;64.383003;,
   49.078602;-35.388901;62.018204;,
   51.326401;-20.823601;58.047295;,
   23.156900;-48.447899;81.144600;,
   51.590401;-7.182850;57.274399;,
   52.352402;-0.628920;68.067497;,
   51.174198;4.056410;78.653099;,
   -14.864899;4.588110;115.495003;,
   6.259910;22.432699;98.108200;,
   -22.817801;6.027280;111.657997;,
   -32.288502;14.388800;101.940002;,
   -27.936598;22.234501;93.621201;,
   -8.460450;30.838198;88.320396;,
   -28.913797;24.503901;88.689796;,
   -6.732980;32.639198;82.181801;,
   -28.913797;24.503901;88.689796;,
   -6.732980;32.639198;82.181801;,
   -8.193030;17.425301;72.777802;,
   -25.864599;12.603900;79.876198;,
   -31.075699;11.531400;80.622101;,
   -30.051298;8.594650;84.125999;,
   -27.936598;22.234501;93.621201;,
   -32.288502;14.388800;101.940002;,
   -33.495201;1.526390;91.620003;,
   -24.289499;-6.006470;100.356003;,
   -22.817801;6.027280;111.657997;,
   -17.209700;-7.303020;104.735001;,
   -14.864899;4.588110;115.495003;,
   2.147420;27.801600;73.353897;,
   -6.044530;28.851999;73.929199;,
   -3.980420;31.433798;79.867500;,
   -15.187000;29.184202;67.847801;,
   -21.832899;34.051800;71.302498;,
   -6.732980;32.639198;82.181801;,
   -26.731800;34.731602;73.133698;,
   -24.596203;30.014799;87.268097;,
   -28.913797;24.503901;88.689796;,
   -19.916100;27.980000;60.672001;,
   -29.667501;33.752800;61.733704;,
   -34.092701;34.819698;62.318600;,
   -46.396900;30.709501;65.829803;,
   -45.624599;22.164000;86.489403;,
   -44.178699;18.713400;88.121399;,
   -57.791199;9.093050;87.722000;,
   -29.685303;32.098202;51.275002;,
   -34.429001;36.201500;53.350800;,
   -42.012596;34.027699;53.608002;,
   -22.928101;22.621901;49.420502;,
   -31.247402;27.748301;43.419498;,
   -35.367199;36.019600;47.759102;,
   -38.002602;34.881001;47.582298;,
   -25.871700;14.704600;43.652302;,
   -28.291500;13.256300;44.120800;,
   -33.320202;27.426001;42.087299;,
   -40.987404;22.416000;46.431900;,
   -43.176998;31.417700;50.079700;,
   -52.050499;24.672501;56.645496;,
   -54.356602;25.562901;60.723801;,
   -32.741299;11.827100;46.368999;,
   -41.646801;7.032540;49.937599;,
   -51.675800;16.435200;53.702202;,
   -49.465000;0.666930;50.587002;,
   -56.738098;-1.374020;56.802299;,
   -61.316002;13.828600;62.106899;,
   -59.997005;21.084101;65.608101;,
   -63.496895;15.626800;74.890099;,
   -66.566399;3.214820;69.694099;,
   -62.204197;-3.639260;64.241699;,
   -62.169800;-5.007030;68.411003;,
   -64.884399;0.793900;83.112198;,
   -67.148903;5.484010;78.690399;,
   -62.027397;12.494100;83.063797;,
   -15.187000;29.184202;67.847801;,
   -17.261600;21.072599;69.109001;,
   -19.916100;27.980000;60.672001;,
   -9.052400;21.470600;75.105797;,
   -34.225399;11.005900;70.834900;,
   -20.831800;20.207800;63.956001;,
   -22.928101;22.621901;49.420502;,
   -26.400000;11.319300;53.341202;,
   -25.871700;14.704600;43.652302;,
   -6.044530;28.851999;73.929199;,
   2.147420;27.801600;73.353897;,
   -3.980420;31.433798;79.867500;,
   -6.732980;32.639198;82.181801;,
   -25.543200;18.494600;84.152901;,
   -28.913797;24.503901;88.689796;,
   -38.778000;13.553299;83.667900;,
   -44.178699;18.713400;88.121399;,
   -49.294201;6.696540;83.299896;,
   -54.947304;0.772090;79.934196;,
   -51.176300;-2.281090;65.732399;,
   -40.287201;2.879380;56.480499;,
   -57.791199;9.093050;87.722000;,
   -64.884399;0.793900;83.112198;,
   -62.169800;-5.007030;68.411003;,
   -62.204197;-3.639260;64.241699;,
   -56.738098;-1.374020;56.802299;,
   -49.465000;0.666930;50.587002;,
   -41.646801;7.032540;49.937599;,
   -32.741299;11.827100;46.368999;,
   -28.291500;13.256300;44.120800;,
   -15.144200;-71.441498;150.009995;,
   -9.979520;-70.386101;135.792999;,
   -11.628700;-74.541496;148.194000;,
   -11.998901;-58.010201;124.555992;,
   -6.453110;-63.602501;116.497002;,
   -7.490340;-58.897900;90.793098;,
   -17.984501;-42.187599;99.947701;,
   -8.724150;-51.373402;90.719200;,
   -14.267000;-56.069599;147.462006;,
   -15.415200;-32.774399;137.311996;,
   -22.866800;-22.119699;100.580002;,
   3.701240;-31.659201;88.560303;,
   -7.490340;-58.897900;90.793098;,
   -0.409478;-63.620998;89.291100;,
   12.533399;-56.143398;85.246101;,
   23.156900;-48.447899;81.144600;,
   -14.922200;-10.482400;126.138000;,
   -14.864899;4.588110;115.496002;,
   -23.676800;-1.379590;90.046097;,
   -0.034208;-4.332330;89.498497;,
   23.093599;-11.295500;79.751801;,
   26.474300;-26.240700;81.685402;,
   32.657200;-36.715900;90.832100;,
   31.091402;-46.224098;93.670998;,
   8.335620;1.066220;114.994011;,
   33.475700;-2.767800;107.017998;,
   35.367100;-4.828980;105.713997;,
   39.577999;-11.418500;98.057297;,
   40.296101;-18.629997;102.888000;,
   45.131401;-29.675802;109.357002;,
   48.690498;-40.833000;107.972008;,
   43.595501;-45.139801;104.536003;,
   -14.922200;-10.482400;126.138000;,
   8.335620;1.066220;114.994011;,
   -14.864899;4.588110;115.496002;,
   10.056400;-26.359501;130.811996;,
   36.739799;-14.212901;109.851997;,
   33.475700;-2.767800;107.017998;,
   35.367100;-4.828980;105.713997;,
   39.577999;-11.418500;98.057297;,
   40.296101;-18.629997;102.888000;,
   -15.415200;-32.774399;137.311996;,
   -14.267000;-56.069599;147.462006;,
   14.056301;-68.218803;142.134995;,
   33.725399;-56.261505;131.190002;,
   48.435501;-33.499500;118.141006;,
   42.894596;-28.302099;117.687004;,
   45.131401;-29.675802;109.357002;,
   2.235160;-74.363998;151.408997;,
   7.877520;-74.367699;145.658997;,
   6.416870;-72.400902;135.537003;,
   24.130100;-61.997799;124.941002;,
   -13.559499;-67.358704;151.516006;,
   -9.729410;-74.871002;151.438004;,
   -2.067840;-79.869499;150.434998;,
   3.352590;-79.450996;150.292007;,
   -0.982028;-76.655098;136.947006;,
   -15.144200;-71.441498;150.009995;,
   -11.628700;-74.541496;148.194000;,
   -9.979520;-70.386101;135.792999;,
   -2.779450;-68.135399;113.597008;,
   4.150960;-69.628700;116.262001;,
   18.876600;-59.128895;106.904999;,
   42.490204;-50.301201;111.172989;,
   -6.453110;-63.602501;116.497002;,
   -7.490340;-58.897900;90.793098;,
   -0.409478;-63.620998;89.291100;,
   12.533399;-56.143398;85.246101;,
   29.244900;-50.037601;99.489601;,
   43.595501;-45.139801;104.536003;,
   51.297699;-47.485100;118.480995;,
   51.626598;-46.073601;120.586998;,
   23.156900;-48.447899;81.144600;,
   31.091402;-46.224098;93.670998;,
   48.690498;-40.833000;107.972008;,
   52.105598;-42.876400;116.072998;,
   47.904202;-32.455700;116.216995;,
   -9.979520;-70.386101;135.794006;,
   -15.144200;-71.441498;150.009995;,
   -11.628700;-74.541496;148.194000;,
   -5.741110;-61.830795;123.860008;,
   -14.267000;-56.069599;147.462006;,
   -15.415200;-32.774399;137.311996;,
   -13.304100;-23.437799;88.586601;,
   -14.922200;-10.482400;126.138000;,
   -14.864899;4.588110;115.496002;,
   -6.453110;-63.602501;116.497002;,
   -4.340750;-57.645100;95.748199;,
   -6.297020;-53.287300;88.370003;,
   -35.963600;-26.803400;79.330803;,
   -23.483601;-2.409240;78.640297;,
   -22.817801;6.027280;111.657997;,
   -32.288502;14.388800;101.940002;,
   -27.936598;22.234501;93.621201;,
   -12.302100;-58.813900;88.797501;,
   -25.187799;-52.212601;87.304901;,
   -28.960400;-51.946701;81.337502;,
   -35.301399;-46.322399;79.946098;,
   -42.875801;-41.555500;76.697197;,
   -49.306599;-37.407101;75.902496;,
   -54.360603;-26.077900;74.882698;,
   -59.742702;-15.369600;70.864899;,
   -62.169800;-5.007030;68.411003;,
   -47.231804;-2.066420;70.654900;,
   -28.860800;4.847290;71.556999;,
   -28.913797;24.503901;88.689796;,
   -44.178699;18.713400;88.121399;,
   -57.791199;9.093050;87.722000;,
   -64.884399;0.793900;83.112198;,
   -62.169800;-5.007030;68.411003;,
   -59.742702;-15.369600;70.864899;,
   -64.884399;0.793900;83.112198;,
   -60.766598;-18.927000;86.149300;,
   -64.972198;-2.945540;92.941803;,
   -63.984604;1.622230;92.198799;,
   -57.791199;9.093050;87.722000;,
   -56.939602;8.404859;94.236099;,
   -44.178699;18.713400;88.121399;,
   -54.360603;-26.077900;74.882698;,
   -58.007004;-35.987999;89.037300;,
   -63.545506;-22.639601;99.206200;,
   -63.680103;-12.722700;96.500198;,
   -62.525600;-1.603250;97.299301;,
   -49.306599;-37.407101;75.902496;,
   -49.556000;-39.567600;93.998001;,
   -65.847702;-36.862000;101.902000;,
   -64.154900;-34.335300;108.072998;,
   -60.149300;-21.191099;103.946999;,
   -61.606606;-10.965500;101.584999;,
   -42.875801;-41.555500;76.697197;,
   -35.301399;-46.322399;79.946098;,
   -40.901501;-41.539299;101.388000;,
   -54.925797;-39.419701;109.533989;,
   -55.865299;-36.612301;113.169998;,
   -54.886204;-31.883802;113.996002;,
   -35.347698;-3.887340;112.828003;,
   -42.012798;16.470400;94.614403;,
   -28.913797;24.503901;88.689796;,
   -44.936199;-43.649300;117.804008;,
   -47.544201;-40.265598;119.042992;,
   -40.772999;-36.549599;121.772003;,
   -31.545101;-21.695101;122.977997;,
   -41.473801;-43.036598;116.650993;,
   -27.936598;22.234501;93.621201;,
   -32.288502;14.388800;101.940002;,
   -22.817801;6.027280;111.657997;,
   -14.864899;4.588110;115.496002;,
   -14.922200;-10.482400;126.138000;,
   -15.415200;-32.774399;137.311996;,
   -23.614700;-40.256599;134.822998;,
   -14.267000;-56.069599;147.462006;,
   -23.107100;-60.476498;139.283005;,
   -19.687901;-70.558601;147.451996;,
   -15.144200;-71.441498;150.009995;,
   -36.492500;-43.949699;123.260010;,
   -28.683201;-49.158501;133.078995;,
   -28.947500;-52.383396;130.804993;,
   -23.040400;-61.575802;138.001999;,
   -19.657900;-71.450104;145.834000;,
   -41.473801;-43.036598;116.650993;,
   -32.728199;-50.517200;102.337997;,
   -40.901501;-41.539299;101.388000;,
   -35.301399;-46.322399;79.946098;,
   -28.960400;-51.946701;81.337502;,
   -25.187799;-52.212601;87.304901;,
   -23.417803;-56.448196;107.280998;,
   -15.945699;-67.394402;133.076996;,
   -15.741499;-72.527802;148.498993;,
   -11.628700;-74.541496;148.194000;,
   -9.979520;-70.386101;135.794006;,
   -6.453110;-63.602501;116.497002;,
   -12.302100;-58.813900;88.797501;,
   -12.776900;-64.103104;109.520996;,
   -4.340750;-57.645100;95.748199;,
   -7.490350;-58.897900;90.793098;,
   -6.297020;-53.287300;88.370003;,
   32.490002;-46.199902;76.789299;,
   18.341000;-41.027802;80.869202;,
   23.156900;-48.447899;81.144600;,
   12.533399;-56.143398;85.246101;,
   3.033670;-51.582802;86.172096;,
   -0.409478;-63.620998;89.291100;,
   -7.490350;-58.897900;90.793098;,
   -7.490350;-58.897900;90.793098;,
   -7.131470;-62.848999;88.214897;,
   -0.409478;-63.620998;89.291100;,
   -0.325228;-64.830902;86.338203;,
   12.533399;-56.143398;85.246101;,
   16.049400;-66.412201;82.425400;,
   23.156900;-48.447899;81.144600;,
   30.982800;-65.928101;76.407501;,
   35.792999;-50.130100;75.985100;,
   32.490002;-46.199902;76.789299;,
   51.670101;-1.702990;54.162296;,
   38.540600;-5.921390;61.209103;,
   51.590401;-7.182850;57.274399;,
   39.021099;-20.749500;63.992401;,
   51.326401;-20.823601;58.047295;,
   49.078602;-35.388901;62.018204;,
   33.252602;-34.681301;69.440201;,
   44.513802;-41.283600;64.383003;,
   51.670101;-1.702990;54.162296;,
   51.590401;-7.182850;57.274399;,
   55.975700;-5.560680;46.250099;,
   57.530296;-13.612400;47.068699;,
   51.326401;-20.823601;58.047295;,
   54.981499;-23.404200;49.844799;,
   53.513802;-32.594799;53.429298;,
   49.078602;-35.388901;62.018204;,
   48.286201;-39.022499;57.560600;,
   44.513802;-41.283600;64.383003;,
   6.259910;22.432699;98.108200;,
   -14.864899;4.588110;115.495003;,
   8.335610;1.066220;114.994011;,
   33.475700;-2.767800;107.017998;,
   37.978802;4.578800;100.677002;,
   35.305199;25.103600;84.550797;,
   6.623560;34.999901;83.928497;,
   -2.146020;32.930901;85.665604;,
   -8.460450;30.838198;88.320396;,
   -6.732980;32.639198;82.181801;,
   35.367100;-4.828980;105.713997;,
   40.546799;2.525620;99.554100;,
   44.984200;7.529370;92.987099;,
   44.104801;11.273000;91.837502;,
   39.577999;-11.418600;98.057297;,
   42.039799;-7.197980;92.896896;,
   45.232800;-1.225930;85.617104;,
   45.896999;3.377870;84.735703;,
   46.386101;8.734660;89.201698;,
   -3.980420;31.433798;79.867500;,
   4.480290;33.984200;80.671097;,
   2.147420;27.801600;73.353897;,
   14.354000;30.273102;71.969803;,
   16.459000;34.582901;75.493103;,
   25.469900;30.211201;64.465302;,
   19.640100;35.224800;78.619202;,
   29.490499;35.873100;66.627296;,
   27.766300;34.341400;64.365700;,
   37.729301;33.211800;60.051804;,
   27.798597;24.315001;54.263000;,
   35.638996;19.240902;50.764999;,
   45.116699;31.896603;67.331200;,
   39.669899;34.357700;61.431999;,
   52.500801;25.106600;71.221497;,
   54.440895;24.322901;66.148399;,
   46.154999;33.962799;58.788300;,
   44.891602;31.853500;56.239002;,
   44.819901;10.161100;51.943501;,
   53.353298;12.972800;82.310501;,
   64.505600;15.542699;75.704201;,
   63.264095;14.956600;67.506500;,
   54.251003;23.743000;62.881695;,
   49.397900;1.398100;52.022701;,
   51.670101;-1.702990;54.162296;,
   46.386101;8.734660;89.201698;,
   54.202900;10.848200;82.209801;,
   68.241402;11.853200;74.128403;,
   52.352402;-0.628920;67.767899;,
   51.590401;-7.182850;57.274399;,
   45.896999;3.377870;84.735703;,
   51.174198;4.056410;78.353500;,
   -3.980420;31.433798;79.867500;,
   -8.193030;17.425301;72.777802;,
   -6.732980;32.639198;82.181801;,
   2.147420;27.801600;73.353897;,
   1.368510;15.385800;66.863800;,
   -0.185038;13.356500;72.451302;,
   -17.385498;8.935680;80.583900;,
   -25.864599;12.603900;79.876198;,
   -31.075699;11.531400;80.622101;,
   -30.051298;8.594650;84.125999;,
   14.693099;20.260099;62.289902;,
   14.524800;16.019100;65.999397;,
   16.007900;-8.687199;95.437302;,
   -5.084610;-5.182680;96.843002;,
   -20.591600;1.826890;88.219200;,
   -33.495201;1.526390;91.620003;,
   14.354000;30.273102;71.969803;,
   25.469900;30.211201;64.465302;,
   27.798597;24.315001;54.263000;,
   24.453199;19.091000;59.918400;,
   35.029701;10.661199;57.863701;,
   41.943802;-1.220310;60.087700;,
   32.019600;-9.919400;80.823502;,
   35.638996;19.240902;50.764999;,
   44.819901;10.161100;51.943501;,
   49.397900;1.398100;52.022701;,
   51.670101;-1.702990;54.162296;,
   51.590401;-7.182850;57.274399;,
   40.735500;-8.590490;75.284401;,
   37.542500;-14.562499;82.564102;,
   35.080700;-18.783100;87.724602;,
   16.650801;-12.352199;100.655998;,
   0.710292;-8.995920;105.710999;,
   52.352402;-0.628920;67.767899;,
   45.232800;-1.225930;85.617104;,
   42.039799;-7.197980;92.896896;,
   39.577999;-11.418600;98.057297;,
   51.174198;4.056410;78.353500;,
   45.896999;3.377870;84.735703;,
   35.367100;-4.828980;105.713997;,
   33.475700;-2.767800;107.017998;,
   8.335610;1.066220;114.994011;,
   -6.708570;-8.599570;106.415001;,
   -17.209700;-7.303020;104.735001;,
   -24.289499;-6.006470;100.356003;,
   -14.864899;4.588110;115.495003;,
   28.500898;-71.206200;48.855499;,
   22.387300;-66.780296;35.214500;,
   28.446598;-64.991501;44.306599;,
   16.042299;-76.230103;36.557400;,
   15.383800;-81.562698;46.025902;,
   10.443499;-79.645203;42.222801;,
   2.383970;-78.948799;43.538898;,
   8.128879;-81.722000;60.872002;,
   -9.913690;-75.271103;46.736000;,
   -6.752400;-77.382698;41.119301;,
   -15.143200;-72.312897;41.042900;,
   -6.752400;-77.382698;41.119301;,
   -15.143200;-72.312897;41.042900;,
   -10.399800;-74.998901;34.425900;,
   -18.906200;-64.516197;35.884102;,
   -7.573580;-69.492897;28.156799;,
   -16.500299;-52.614601;28.396997;,
   2.788460;-62.059105;22.920000;,
   2.930300;-43.830799;19.146099;,
   24.192600;-47.099300;29.804499;,
   13.931699;-71.109100;29.128302;,
   22.387300;-66.780296;35.214500;,
   16.042299;-76.230103;36.557400;,
   27.931402;-54.961700;42.534302;,
   28.446598;-64.991501;44.306599;,
   2.788460;-62.059105;22.920000;,
   2.875090;-86.614899;30.816702;,
   -7.573580;-69.492897;28.156799;,
   -4.527440;-83.912598;35.047199;,
   -10.399800;-74.998901;34.425900;,
   -6.752400;-77.382698;41.119301;,
   -2.477090;-83.643501;40.315800;,
   2.383970;-78.948799;43.538898;,
   0.112722;-90.235802;41.918098;,
   2.557310;-83.627998;42.751801;,
   7.817630;-84.153297;40.711899;,
   10.443499;-79.645203;42.222801;,
   9.977800;-84.348000;35.374901;,
   16.042299;-76.230103;36.557400;,
   2.787510;-91.991302;40.569099;,
   2.754390;-91.629501;43.640099;,
   5.438790;-90.344002;41.897800;,
   2.787510;-91.991302;40.569099;,
   2.875090;-86.614899;30.816702;,
   13.931699;-71.109100;29.128302;,
   2.788460;-62.059105;22.920000;,
   -24.910400;-5.382070;55.168594;,
   3.540200;1.793500;65.819099;,
   -22.588699;7.686430;56.742901;,
   1.185230;-15.849901;69.105103;,
   27.700598;-16.841299;59.462502;,
   31.678602;5.870780;60.086300;,
   17.228300;17.208200;68.035797;,
   2.368840;16.858700;75.395103;,
   -11.300500;17.513100;70.980904;,
   -39.768299;32.520901;26.426701;,
   -37.250599;34.054501;29.856400;,
   -35.906502;28.256001;31.122898;,
   -35.269699;33.698700;33.492901;,
   -37.972599;34.137600;41.523602;,
   -34.660801;22.661699;36.233200;,
   -41.274399;17.986700;44.200901;,
   -39.315300;38.099701;32.674400;,
   -40.146599;36.581001;41.219700;,
   -45.837399;34.777100;51.886196;,
   -44.742500;27.547199;51.092400;,
   -53.478199;24.025600;52.153198;,
   -50.574100;12.535700;45.277699;,
   -61.961403;15.666701;42.912701;,
   -55.520405;38.182899;31.417200;,
   -54.575001;32.976101;52.403900;,
   -67.482803;25.812498;44.095402;,
   -69.349998;18.542000;34.416698;,
   -65.970703;10.990501;34.200001;,
   -65.069397;7.013500;27.945803;,
   -63.500404;8.707070;31.224598;,
   -63.830200;2.700110;25.968000;,
   -58.057598;2.815370;32.275299;,
   -58.953701;-0.064190;22.795401;,
   -32.308601;1.310680;4.069310;,
   -43.401100;-6.388000;3.559550;,
   -46.279598;-1.135620;0.361610;,
   -35.808601;5.860590;0.064280;,
   -28.412203;14.399600;3.309700;,
   -39.768299;32.520901;26.426701;,
   -35.906502;28.256001;31.122898;,
   -31.354099;24.392700;22.002800;,
   -31.539803;23.415400;31.061501;,
   -27.408598;13.158800;22.622601;,
   -27.663002;14.836600;13.058000;,
   -31.482899;0.705070;13.116500;,
   -32.308601;1.310680;4.069310;,
   -28.412203;14.399600;3.309700;,
   -34.660801;22.661699;36.233200;,
   -24.721901;10.833100;42.904301;,
   -21.142099;9.455540;29.923698;,
   -25.718500;11.629400;25.992100;,
   -30.674000;0.847940;23.833401;,
   -41.274399;17.986700;44.200901;,
   -33.902302;2.771480;47.881401;,
   -45.176800;7.100260;45.137600;,
   -41.581001;-2.607290;38.438301;,
   -50.922001;4.783490;41.519199;,
   -58.057598;2.815370;32.275299;,
   -47.077202;-5.987280;28.049501;,
   -50.574100;12.535700;45.277699;,
   -61.720200;9.836540;40.343300;,
   -63.500404;8.707070;31.224598;,
   -65.970703;10.990501;34.200001;,
   -61.961403;15.666701;42.912701;,
   -58.953701;-0.064190;22.795401;,
   -51.495499;-6.267340;11.423400;,
   -42.611599;-7.956710;13.143400;,
   -40.032200;-6.253260;25.929701;,
   -31.482899;0.705070;13.116500;,
   -30.674000;0.847940;23.833401;,
   -32.308601;1.310680;4.069310;,
   -43.401100;-6.388000;3.559550;,
   -49.465000;0.666930;50.586899;,
   -56.738098;-1.374020;56.802200;,
   -36.375999;-1.150220;58.032997;,
   -47.700699;-8.216260;69.018997;,
   -32.025799;-15.140299;65.036400;,
   -24.910400;-5.382070;55.168594;,
   -22.588699;7.686430;56.742901;,
   -62.204197;-3.639260;64.241699;,
   -62.169701;-5.007030;68.411003;,
   -59.742702;-15.369600;70.864899;,
   -45.532299;-17.925100;74.018997;,
   -42.174900;-23.617599;76.503197;,
   -33.743900;-34.735100;78.278000;,
   -17.298700;-33.250801;71.929298;,
   1.185230;-15.849901;69.105103;,
   -54.360603;-26.077997;74.882698;,
   -49.306599;-37.407101;75.902496;,
   -42.875702;-41.555500;76.697098;,
   -35.301399;-46.322399;79.946098;,
   -14.722701;-43.775398;85.442200;,
   2.975210;-42.074799;76.041000;,
   15.228699;-32.954601;68.950500;,
   27.700598;-16.841299;59.462502;,
   -28.960400;-51.946701;81.337402;,
   -25.187901;-52.212601;87.304901;,
   -14.400099;-54.881199;90.824600;,
   -8.724200;-51.373402;90.719299;,
   3.033670;-51.582802;86.172096;,
   18.341000;-41.027802;80.869202;,
   33.252602;-34.681301;69.440201;,
   39.021099;-20.749500;63.992401;,
   38.540600;-5.921390;61.209103;,
   31.678602;5.870780;60.086300;,
   -7.490350;-58.897900;90.793098;,
   32.490002;-46.199902;76.789299;,
   37.966900;-45.567101;69.900497;,
   44.513802;-41.283600;64.383003;,
   -11.300500;17.513100;70.980904;,
   -17.551500;28.582100;64.259903;,
   -6.044530;28.851900;73.929100;,
   2.368840;16.858700;75.395103;,
   2.746300;27.801600;73.353897;,
   14.354000;30.273102;71.969803;,
   17.228300;17.208200;68.035797;,
   25.469900;30.211201;64.465302;,
   27.798597;24.315001;54.263000;,
   35.638996;19.240902;50.764999;,
   44.819901;10.161100;51.943501;,
   49.397900;1.398100;52.022701;,
   51.670101;-1.702990;54.162296;,
   37.966900;-45.567101;69.900497;,
   32.490002;-46.199902;76.789299;,
   35.792999;-50.130100;75.985100;,
   36.575802;-51.601799;74.370003;,
   37.545101;-49.835201;68.089996;,
   44.513802;-41.283600;64.383003;,
   46.938801;-53.572300;59.843803;,
   49.877899;-45.555801;58.140705;,
   48.286201;-39.022499;57.560600;,
   30.982800;-65.928101;76.407501;,
   36.390301;-53.422100;66.537201;,
   40.512699;-56.839500;59.883900;,
   44.764999;-54.223900;52.994202;,
   48.283100;-47.257599;52.480499;,
   48.060398;-42.129501;52.514801;,
   26.945101;-65.555199;69.988998;,
   40.055302;-62.372997;61.163303;,
   37.886196;-60.528603;53.447601;,
   38.981899;-57.612602;53.507401;,
   15.315501;-67.844803;77.165001;,
   14.689800;-76.810600;70.658897;,
   20.549900;-74.204803;65.350601;,
   30.466702;-71.201103;59.342701;,
   16.049400;-66.412201;82.425400;,
   -0.325228;-64.830902;86.338203;,
   -8.912240;-66.638298;83.015099;,
   -5.339600;-76.426003;75.956200;,
   3.683620;-89.628403;68.425903;,
   4.543500;-89.536102;65.979500;,
   8.128879;-81.722000;60.872002;,
   -7.131470;-62.848999;88.214897;,
   -12.302100;-58.813900;88.797501;,
   -24.129299;-58.041100;83.690903;,
   -20.726299;-67.844398;77.346001;,
   -14.831400;-78.990898;69.413803;,
   -4.745510;-84.006203;69.531898;,
   -7.490350;-58.897900;90.793098;,
   -8.724200;-51.373402;90.719299;,
   -14.400099;-54.881199;90.824600;,
   -25.187901;-52.212601;87.304901;,
   -28.960400;-51.946701;81.337402;,
   -29.447102;-60.607002;74.939201;,
   -21.471203;-74.026199;69.217003;,
   -19.904400;-74.658897;66.993797;,
   -14.424901;-79.517097;67.263496;,
   -4.844330;-84.329399;67.281303;,
   -41.310398;-51.548500;74.431396;,
   -42.581200;-62.164200;67.040398;,
   -34.614601;-78.646896;64.237000;,
   -35.301399;-46.322399;79.946098;,
   -42.875702;-41.555500;76.697098;,
   -49.513500;-45.640202;68.347504;,
   -49.330299;-50.230499;67.938904;,
   -50.096901;-51.134499;65.425598;,
   -43.602299;-62.332996;64.842003;,
   -34.567001;-79.482002;61.966400;,
   -49.306599;-37.407101;75.902496;,
   -58.096401;-36.930500;64.705200;,
   -49.910400;-46.109798;65.252403;,
   -40.751499;-49.378799;52.521400;,
   -41.977200;-60.151398;58.101101;,
   -24.688101;-71.005402;52.356899;,
   -54.360603;-26.077997;74.882698;,
   -62.849201;-16.004299;62.721901;,
   -49.629700;-24.094101;45.880501;,
   -44.155102;-42.820801;49.401600;,
   -36.525700;-42.735199;45.563301;,
   -34.448898;-53.996197;49.924198;,
   -59.742702;-15.369600;70.864899;,
   -63.599800;-8.188760;62.201496;,
   -53.594799;-8.252970;46.943600;,
   -46.024601;-11.824799;38.117599;,
   -30.210598;-29.787201;35.939800;,
   -62.169701;-5.007030;68.411003;,
   -62.204197;-3.639260;64.241699;,
   -56.738098;-1.374020;56.802200;,
   -49.465000;0.666930;50.586899;,
   -31.051298;0.278550;42.198200;,
   -30.488598;-14.751299;34.557701;,
   -25.811197;-44.695702;43.307701;,
   -28.014099;-53.198200;48.054699;,
   -24.834000;-66.241997;47.066502;,
   -15.143200;-72.312897;41.042900;,
   -9.913690;-75.271103;46.736000;,
   -19.336397;-72.709297;57.079803;,
   -22.731300;-61.448799;44.898800;,
   -11.466900;12.551100;34.126202;,
   -16.817801;7.513170;34.134300;,
   -21.124701;10.569500;40.129601;,
   2.310980;12.511800;23.988199;,
   1.916680;15.169699;28.221102;,
   14.496200;13.750600;34.314301;,
   20.679600;9.364500;33.783798;,
   20.446699;16.529699;44.448502;,
   25.216900;11.882700;42.178001;,
   31.094103;13.954000;47.837799;,
   -7.658170;13.911499;38.234001;,
   2.376800;14.164501;32.122002;,
   12.255800;13.662000;37.893902;,
   17.614403;17.798700;48.973801;,
   22.920000;20.327997;51.278900;,
   2.797420;15.522000;49.935200;,
   14.939200;24.722099;59.256802;,
   27.798597;24.315001;54.263000;,
   35.638996;19.240902;50.764999;,
   40.214298;5.767110;47.887001;,
   -13.540200;18.389400;48.726601;,
   -10.252400;25.706600;60.443802;,
   2.816720;26.777397;65.817101;,
   14.354000;30.273102;71.969803;,
   25.469900;30.211201;64.465302;,
   -6.044530;28.851900;73.929100;,
   2.746300;27.801600;73.353897;,
   -17.551500;28.582100;64.259903;,
   44.819901;10.161100;51.943501;,
   49.397900;1.398100;52.022701;,
   40.214298;5.767110;47.887001;,
   31.034000;0.489870;40.586899;,
   31.094103;13.954000;47.837799;,
   25.216900;11.882700;42.178001;,
   20.679600;9.364500;33.783798;,
   23.391600;-2.149400;28.978498;,
   2.503100;0.951590;23.151800;,
   2.310980;12.511800;23.988199;,
   -16.817801;7.513170;34.134300;,
   34.637402;-10.591100;34.293499;,
   24.853100;-24.574699;26.056101;,
   2.702430;-21.730801;19.346500;,
   -18.427500;-2.583890;29.533100;,
   -31.051298;0.278550;42.198200;,
   -21.124701;10.569500;40.129601;,
   -27.081600;13.980501;43.886501;,
   34.790901;-22.221500;32.965500;,
   36.474201;-36.763100;34.946800;,
   24.192600;-47.099300;29.804499;,
   2.930300;-43.830799;19.146099;,
   -21.362900;-25.263901;27.956499;,
   -27.517300;-9.698710;32.581799;,
   -30.488598;-14.751299;34.557701;,
   35.645500;-41.610401;40.655300;,
   27.931402;-54.961700;42.534302;,
   -30.210598;-29.787201;35.939800;,
   -21.260300;-46.767300;37.792999;,
   -25.811197;-44.695702;43.307701;,
   -20.992599;-54.364101;44.448898;,
   -28.014099;-53.198200;48.054699;,
   -22.731300;-61.448799;44.898800;,
   -16.500299;-52.614601;28.396997;,
   -18.516899;-57.765301;37.674599;,
   -18.906200;-64.516197;35.884102;,
   -24.834000;-66.241997;47.066502;,
   -15.143200;-72.312897;41.042900;,
   34.083900;-58.249599;15.189800;,
   33.149799;-51.465801;23.414600;,
   32.818901;-45.557301;14.804200;,
   37.253700;-37.629799;24.533300;,
   40.187801;-36.320499;14.745600;,
   48.121899;-33.620399;25.711700;,
   43.423698;-38.141998;33.449299;,
   33.039501;-40.103699;29.028202;,
   39.657398;-38.868000;35.879299;,
