xof 0303txt 0032
template VertexDuplicationIndices {
 <b8d65549-d7c9-4995-89cf-53a9a8b031e3>
 DWORD nIndices;
 DWORD nOriginalVertices;
 array DWORD indices[nIndices];
}

template EffectParamDWord {
 <e13963bc-ae51-4c5d-b00f-cfa3a9d97ce5>
 STRING ParamName;
 DWORD Value;
}

template FVFData {
 <b6e70a0e-8ef9-4e83-94ad-ecc8b0c04897>
 DWORD dwFVF;
 DWORD nDWords;
 array DWORD data[nDWords];
}

template EffectFloats {
 <f1cfe2b3-0de3-4e28-afa1-155a750a282d>
 DWORD nFloats;
 array FLOAT Floats[nFloats];
}

template EffectString {
 <d55b097e-bdb6-4c52-b03d-6051c89d0e42>
 STRING Value;
}

template EffectDWord {
 <622c0ed0-956e-4da9-908a-2af94f3ce716>
 DWORD Value;
}

template EffectInstance {
 <e331f7e4-0559-4cc2-8e99-1cec1657928f>
 STRING EffectFilename;
 [...]
}

template AnimTicksPerSecond {
 <9e415a43-7ba6-4a73-8743-b73d47e88476>
 DWORD AnimTicksPerSecond;
}

template VertexElement {
 <f752461c-1e23-48f6-b9f8-8350850f336f>
 DWORD Type;
 DWORD Method;
 DWORD Usage;
 DWORD UsageIndex;
}

template DeclData {
 <bf22e553-292c-4781-9fea-62bd554bdd93>
 DWORD nElements;
 array VertexElement Elements[nElements];
 DWORD nDWords;
 array DWORD data[nDWords];
}

template EffectParamFloats {
 <3014b9a0-62f5-478c-9b86-e4ac9f4e418b>
 STRING ParamName;
 DWORD nFloats;
 array FLOAT Floats[nFloats];
}

template EffectParamString {
 <1dbc4c88-94c1-46ee-9076-2c28818c9481>
 STRING ParamName;
 STRING Value;
}


AnimTicksPerSecond {
 4800;
}

Frame {
 

 FrameTransformMatrix {
  1.000000,0.000000,0.000000,0.000000,0.000000,1.000000,0.000000,0.000000,0.000000,0.000000,1.000000,0.000000,0.000000,0.000000,0.000000,1.000000;;
 }

 Frame Armature {
  

  FrameTransformMatrix {
   39.370079,0.000000,-0.000000,0.000000,-0.000000,0.000002,-39.370075,0.000000,0.000000,39.370075,0.000002,0.000000,0.000000,0.000000,0.000000,1.000000;;
  }

  Frame root {
   

   FrameTransformMatrix {
    -0.667535,-0.705775,0.237231,0.000000,0.698290,-0.482826,0.528459,0.000000,-0.258432,0.518421,0.815139,0.000000,0.000006,16.386333,54.899899,1.000000;;
   }

   Frame hip {
    

    FrameTransformMatrix {
     0.999218,-0.039009,0.006391,0.000000,0.033119,0.737916,-0.674080,0.000000,0.021579,0.673764,0.738631,0.000000,0.030204,-0.148813,-1.654486,1.000000;;
    }

    Frame hoop {
     

     FrameTransformMatrix {
      -0.774814,0.324607,0.542488,0.000000,-0.632099,-0.383273,-0.673464,0.000000,-0.010690,-0.864715,0.502149,0.000000,-0.030206,-9.345634,0.491779,1.000000;;
     }

     Frame hoop_b {
      

      FrameTransformMatrix {
       0.916764,0.398616,0.025465,0.000000,-0.398462,0.917118,-0.011069,0.000000,-0.027767,0.000001,0.999614,0.000000,-8.347382,0.000003,0.057598,1.000000;;
      }

      Frame hoop_c {
       

       FrameTransformMatrix {
        0.886191,0.385415,0.257141,0.000000,-0.394377,0.918773,-0.017949,0.000000,-0.243173,-0.085504,0.966207,0.000000,-9.700376,-0.000003,-0.153625,1.000000;;
       }
      }
     }
    }

    Frame f_cloth {
     

     FrameTransformMatrix {
      -0.774699,0.330722,0.538947,0.000000,-0.632235,-0.390316,-0.669278,0.000000,-0.010985,-0.859230,0.511471,0.000000,-0.030204,-7.660296,0.546183,1.000000;;
     }

     Frame f_cloth_b {
      

      FrameTransformMatrix {
       0.916940,0.398428,0.021819,0.000000,-0.398522,0.917159,-0.000000,0.000000,-0.020011,-0.008695,0.999762,0.000000,-8.379271,-0.000002,-0.041264,1.000000;;
      }

      Frame f_cloth_c {
       

       FrameTransformMatrix {
        0.891217,0.385415,0.239138,0.000000,-0.394660,0.918773,-0.009957,0.000000,-0.223552,-0.085504,0.970934,0.000000,-9.682074,-0.000004,-0.100546,1.000000;;
       }

       Frame f_cloth_d {
        

        FrameTransformMatrix {
         0.999916,0.000000,0.012984,0.000000,-0.000000,1.000000,0.000000,0.000000,-0.012984,-0.000000,0.999917,0.000000,-11.361108,0.000002,0.338177,1.000000;;
        }
       }
      }
     }
    }

    Frame b_cloth {
     

     FrameTransformMatrix {
      -0.612755,-0.661190,0.432849,0.000000,0.726381,-0.255471,0.638047,0.000000,-0.311290,0.705380,0.636818,0.000000,-0.030207,7.027102,2.510641,1.000000;;
     }

     Frame b_cloth_b {
      

      FrameTransformMatrix {
       0.964442,-0.234995,-0.120951,0.000000,0.242357,0.968895,0.050051,0.000000,0.105427,-0.077585,0.991396,0.000000,-10.287201,-0.000004,0.000002,1.000000;;
      }

      Frame b_cloth_c {
       

       FrameTransformMatrix {
        0.974019,-0.109088,-0.198461,0.000000,0.106892,0.994032,-0.021780,0.000000,0.199653,-0.000000,0.979867,0.000000,-7.891192,0.000008,0.000004,1.000000;;
       }
      }
     }
    }

    Frame r_thigh {
     

     FrameTransformMatrix {
      -0.878090,0.155124,0.452653,0.000000,0.210900,-0.723677,0.657124,0.000000,0.429510,0.672479,0.602738,0.000000,-7.833682,1.032513,-8.929338,1.000000;;
     }

     Frame r_knee {
      

      FrameTransformMatrix {
       0.998354,-0.005507,-0.057081,0.000000,-0.052989,-0.469146,-0.881529,0.000000,-0.021925,0.883103,-0.468666,0.000000,-0.000014,-0.000004,-23.215401,1.000000;;
      }

      Frame r_pants_b {
       

       FrameTransformMatrix {
        -0.056626,-0.014735,-0.998287,0.000000,0.998352,0.008398,-0.056754,0.000000,0.009220,-0.999856,0.014235,0.000000,1.574337,-6.412636,-1.700439,1.000000;;
       }
      }

      Frame r_pants_a {
       

       FrameTransformMatrix {
        -0.031850,0.073409,-0.996794,0.000000,-0.003188,0.997287,0.073548,0.000000,0.999488,0.005520,-0.031529,0.000000,6.703501,2.437288,-1.128037,1.000000;;
       }
      }

      Frame r_foot {
       

       FrameTransformMatrix {
        0.939699,0.155044,-0.304840,0.000000,-0.282343,0.854688,-0.435650,0.000000,0.192998,0.495449,0.846925,0.000000,0.000047,0.000006,-26.543303,1.000000;;
       }

       Frame r_toe {
        

        FrameTransformMatrix {
         0.211572,0.976003,0.051519,0.000000,0.973784,-0.206000,-0.096448,0.000000,-0.083521,0.070574,-0.994004,0.000000,0.956208,11.024098,-10.895201,1.000000;;
        }
       }
      }
     }
    }

    Frame l_thigh {
     

     FrameTransformMatrix {
      -0.930039,0.314522,-0.190010,0.000000,0.187355,0.850704,0.491121,0.000000,0.316111,0.421162,-0.850115,0.000000,7.833694,1.032521,-8.929363,1.000000;;
     }

     Frame l_knee {
      

      FrameTransformMatrix {
       0.999727,-0.002053,-0.023288,0.000000,-0.015953,0.668291,-0.743729,0.000000,0.017090,0.743897,0.668075,0.000000,-0.000001,0.000000,23.215429,1.000000;;
      }

      Frame l_pants_b {
       

       FrameTransformMatrix {
        -0.056745,-0.014632,-0.998282,0.000000,0.998362,0.006491,-0.056845,0.000000,0.007311,-0.999872,0.014239,0.000000,-1.504220,6.416390,1.694566,1.000000;;
       }
      }

      Frame l_pants_a {
       

       FrameTransformMatrix {
        -0.031801,0.073474,-0.996790,0.000000,-0.001276,0.997291,0.073551,0.000000,0.999493,0.003611,-0.031621,0.000000,-6.650338,-2.423724,1.122605,1.000000;;
       }
      }

      Frame l_foot {
       

       FrameTransformMatrix {
        0.944019,0.192746,-0.267725,0.000000,-0.312885,0.780338,-0.541457,0.000000,0.104553,0.594913,0.796961,0.000000,-0.000002,-0.000003,26.543310,1.000000;;
       }

       Frame l_toe {
        

        FrameTransformMatrix {
         0.215561,0.971871,0.094843,0.000000,0.973666,-0.206544,-0.096474,0.000000,-0.074171,0.113142,-0.990806,0.000000,-0.956222,-11.024105,10.895196,1.000000;;
        }
       }
      }
     }
    }
   }

   Frame spine {
    

    FrameTransformMatrix {
     0.957432,0.130759,0.257345,0.000000,-0.218297,0.911296,0.349121,0.000000,-0.188867,-0.390437,0.901048,0.000000,-0.000001,0.316623,7.576058,1.000000;;
    }

    Frame chest {
     

     FrameTransformMatrix {
      0.975240,0.060074,0.212832,0.000000,-0.129323,0.935609,0.328499,0.000000,-0.179393,-0.347890,0.920212,0.000000,0.000001,1.157761,8.406622,1.000000;;
     }

     Frame l_shoulder {
      

      FrameTransformMatrix {
       0.948153,0.102584,-0.300803,0.000000,-0.107566,0.994198,0.000001,0.000000,0.299058,0.032356,0.953686,0.000000,-4.535150,-0.378065,3.167902,1.000000;;
      }

      Frame l_uparm {
       

       FrameTransformMatrix {
        -0.873486,0.126719,0.470067,0.000000,-0.403896,0.350476,-0.845006,0.000000,-0.271826,-0.927959,-0.254954,0.000000,19.696808,6.070771,7.705605,1.000000;;
       }

       Frame l_forearm {
        

        FrameTransformMatrix {
         0.316401,-0.323310,-0.891830,0.000000,0.945836,0.035469,0.322703,0.000000,-0.072700,-0.945628,0.317021,0.000000,-16.127096,0.000002,0.000011,1.000000;;
        }

        Frame l_hand {
         

         FrameTransformMatrix {
          0.945271,0.295463,0.138434,0.000000,-0.325169,0.888120,0.324822,0.000000,-0.026973,-0.352059,0.935589,0.000000,-16.994011,0.000002,0.000003,1.000000;;
         }

         Frame l_thumb {
          

          FrameTransformMatrix {
           0.311326,-0.944702,0.103030,0.000000,0.421252,0.040008,-0.906061,0.000000,0.851835,0.325481,0.410413,0.000000,-4.645244,4.130348,-0.741535,1.000000;;
          }

          Frame l_thumb_b {
           

           FrameTransformMatrix {
            0.996489,0.054961,0.063160,0.000000,-0.052261,0.997680,-0.043621,0.000000,-0.065411,0.040167,0.997051,0.000000,-3.287411,-0.000002,0.000007,1.000000;;
           }
          }
         }

         Frame l_ring {
          

          FrameTransformMatrix {
           0.854364,0.119264,-0.505804,0.000000,-0.077178,0.991635,0.103457,0.000000,0.513912,-0.049353,0.856422,0.000000,-8.538725,-0.731436,4.966374,1.000000;;
          }

          Frame l_ring_b {
           

           FrameTransformMatrix {
            0.832487,0.003092,0.554036,0.000000,0.004906,0.999904,-0.012952,0.000000,-0.554023,0.013501,0.832392,0.000000,-4.423281,-0.000004,-0.000004,1.000000;;
           }
          }
         }

         Frame l_pinky {
          

          FrameTransformMatrix {
           0.962413,0.096230,-0.253969,0.000000,-0.072626,0.992257,0.100759,0.000000,0.261699,-0.078527,0.961950,0.000000,-8.668057,-2.805735,4.924442,1.000000;;
          }

          Frame l_pinky_b {
           

           FrameTransformMatrix {
            0.612838,0.007346,0.790174,0.000000,0.005389,0.999895,-0.013475,0.000000,-0.790190,0.012516,0.612734,0.000000,-4.423272,-0.000008,-0.000002,1.000000;;
           }
          }
         }

         Frame l_middle {
          

          FrameTransformMatrix {
           0.852500,-0.081867,-0.516277,0.000000,0.095592,0.995421,0.000000,0.000000,0.513913,-0.049352,0.856422,0.000000,-8.331184,1.481264,4.721624,1.000000;;
          }

          Frame l_middle_b {
           

           FrameTransformMatrix {
            0.858945,0.000000,0.512070,0.000000,-0.000000,1.000001,0.000000,0.000000,-0.512069,-0.000000,0.858943,0.000000,-4.423287,0.000002,0.000003,1.000000;;
           }
          }
         }

         Frame l_index {
          

          FrameTransformMatrix {
           0.822360,-0.255816,-0.508215,0.000000,0.244168,0.965465,-0.090881,0.000000,0.513912,-0.049353,0.856422,0.000000,-8.228489,3.523378,3.776535,1.000000;;
          }

          Frame l_index_b {
           

           FrameTransformMatrix {
            0.936063,0.000000,0.351834,0.000000,-0.000000,1.000000,0.000000,0.000000,-0.351833,-0.000000,0.936062,0.000000,-4.022847,0.000006,0.000002,1.000000;;
           }
          }
         }
        }
       }
      }
     }

     Frame neck {
      

      FrameTransformMatrix {
       0.987418,-0.133465,-0.084813,0.000000,0.118100,0.979070,-0.165753,0.000000,0.105160,0.153651,0.982513,0.000000,0.000002,3.690336,17.457603,1.000000;;
      }

      Frame head {
       

       FrameTransformMatrix {
        0.671843,-0.633984,0.383002,0.000000,0.351305,0.727969,0.588766,0.000000,-0.652082,-0.261008,0.711803,0.000000,0.000000,-0.243365,6.305971,1.000000;;
       }

       Frame mouth {
        

        FrameTransformMatrix {
         1.000000,0.000000,0.000000,0.000000,0.000000,0.865426,0.501036,0.000000,0.000000,-0.501036,0.865426,0.000000,0.000001,0.000018,4.946256,1.000000;;
        }
       }

       Frame hair_f {
        

        FrameTransformMatrix {
         1.000000,0.000000,-0.000000,0.000000,-0.000000,0.000000,-1.000000,0.000000,0.000000,1.000000,0.000000,0.000000,-0.000001,1.372467,-4.490651,1.000000;;
        }
       }

       Frame hair_a {
        

        FrameTransformMatrix {
         0.999655,-0.003337,0.026053,0.000000,0.026013,-0.011580,-0.999595,0.000000,0.003637,0.999927,-0.011489,0.000000,0.000000,11.012999,-2.251579,1.000000;;
        }

        Frame hair_b {
         

         FrameTransformMatrix {
          0.230842,-0.887834,0.398074,0.000000,-0.881856,-0.018029,0.471173,0.000000,-0.411147,-0.459810,-0.787104,0.000000,-0.554535,6.907631,-0.118687,1.000000;;
         }

         Frame hair_c {
          

          FrameTransformMatrix {
           0.993063,-0.117584,0.000008,0.000000,0.117584,0.993063,-0.000004,0.000000,-0.000008,0.000004,1.000000,0.000000,0.000008,0.000013,10.136696,1.000000;;
          }

          Frame hair_d {
           

           FrameTransformMatrix {
            0.357292,-0.224619,-0.906581,0.000000,0.804287,-0.419474,0.420908,0.000000,-0.474831,-0.879538,0.030784,0.000000,0.000002,0.000002,9.377654,1.000000;;
           }

           Frame hair_e {
            

            FrameTransformMatrix {
             0.593884,0.649351,-0.475021,0.000000,-0.087407,0.638996,0.764226,0.000000,0.799789,-0.412342,0.436248,0.000000,-0.000006,0.000000,10.165505,1.000000;;
            }
           }
          }
         }
        }
       }
      }
     }

     Frame r_shoulder {
      

      FrameTransformMatrix {
       0.794642,0.386247,-0.468347,0.000000,0.434594,-0.900609,-0.005361,0.000000,-0.423871,-0.199282,-0.883527,0.000000,4.535149,-0.378070,3.167879,1.000000;;
      }

      Frame r_uparm {
       

       FrameTransformMatrix {
        -0.753440,-0.642264,-0.140803,0.000000,0.656636,-0.746056,-0.110583,0.000000,-0.034023,-0.175774,0.983842,0.000000,-20.613995,-5.651664,-7.816016,1.000000;;
       }

       Frame r_forearm {
        

        FrameTransformMatrix {
         0.133410,-0.333134,-0.933393,0.000000,0.986124,-0.049261,0.158528,0.000000,-0.098792,-0.941591,0.321941,0.000000,16.127172,0.000051,0.000048,1.000000;;
        }

        Frame r_hand {
         

         FrameTransformMatrix {
          0.830861,-0.046652,-0.554521,0.000000,0.342337,0.828459,0.443240,0.000000,0.438719,-0.558104,0.704305,0.000000,16.961454,-0.002124,0.050835,1.000000;;
         }

         Frame r_thumb {
          

          FrameTransformMatrix {
           0.741308,-0.663070,-0.103925,0.000000,0.074500,0.235180,-0.969092,0.000000,0.667017,0.710654,0.223740,0.000000,4.675662,-4.115942,0.724178,1.000000;;
          }

          Frame r_thumb_b {
           

           FrameTransformMatrix {
            0.854088,0.324870,0.406191,0.000000,-0.329999,0.942097,-0.059604,0.000000,-0.402035,-0.083135,0.911842,0.000000,3.287417,-0.000015,-0.000012,1.000000;;
           }
          }
         }

         Frame r_ring {
          

          FrameTransformMatrix {
           0.994444,-0.069007,-0.079492,0.000000,0.067050,0.997383,-0.027032,0.000000,0.081149,0.021552,0.996469,0.000000,8.560490,0.729312,-5.022678,1.000000;;
          }

          Frame r_ring_b {
           

           FrameTransformMatrix {
            0.864087,0.002280,0.503338,0.000000,0.004906,0.999904,-0.012953,0.000000,-0.503319,0.013662,0.863993,0.000000,4.423233,-0.000033,-0.000051,1.000000;;
           }
          }
         }

         Frame r_pinky {
          

          FrameTransformMatrix {
           0.991152,-0.101521,0.085505,0.000000,0.106087,0.993065,-0.050664,0.000000,-0.079769,0.059286,0.995049,0.000000,8.689776,2.803648,-4.980724,1.000000;;
          }

          Frame r_pinky_b {
           

           FrameTransformMatrix {
            0.708973,0.005685,0.705212,0.000000,0.005389,0.999894,-0.013479,0.000000,-0.705215,0.013357,0.708868,0.000000,4.423312,-0.000021,0.000010,1.000000;;
           }
          }
         }

         Frame r_middle {
          

          FrameTransformMatrix {
           0.975624,0.012925,-0.219070,0.000000,-0.009035,0.999783,0.018746,0.000000,0.219265,-0.016309,0.975529,0.000000,8.352913,-1.483385,-4.777996,1.000000;;
          }

          Frame r_middle_b {
           

           FrameTransformMatrix {
            0.951572,0.000002,0.307425,0.000000,-0.000002,1.000000,-0.000002,0.000000,-0.307425,0.000002,0.951572,0.000000,4.423267,0.000002,0.000101,1.000000;;
           }
          }
         }

         Frame r_index {
          

          FrameTransformMatrix {
           0.786204,-0.166518,-0.595109,0.000000,0.134773,0.986033,-0.097853,0.000000,0.603092,-0.003272,0.797665,0.000000,8.250171,-3.525492,-3.832882,1.000000;;
          }

          Frame r_index_b {
           

           FrameTransformMatrix {
            0.977062,0.000000,0.212954,0.000000,-0.000000,1.000000,0.000000,0.000000,-0.212954,-0.000000,0.977062,0.000000,4.022850,0.000004,0.000027,1.000000;;
           }
          }
         }
        }
       }
      }
     }
    }
   }
  }
 }

 Frame Model {
  

  FrameTransformMatrix {
   39.370071,0.000001,0.000006,0.000000,0.000006,-0.000011,-39.370071,0.000000,-0.000001,39.370079,-0.000011,0.000000,0.000108,0.000087,-0.000096,1.000000;;
  }

  Mesh Model {
   3567;
   -4.220520;-4.487830;42.952400;,
   -6.263500;-6.971560;41.882702;,
   -5.220780;-5.723050;41.968399;,
   -7.307910;-8.220600;41.832901;,
   -8.394760;-9.482910;42.681301;,
   -5.294200;-4.233710;42.905399;,
   -4.220520;-4.487830;42.952400;,
   -5.220780;-5.723050;41.968399;,
   -6.135890;-5.279180;41.931801;,
   -7.020020;-6.337920;41.856300;,
   -6.263500;-6.971560;41.882702;,
   -7.905850;-7.397190;41.816799;,
   -8.834130;-8.469760;42.675499;,
   -7.307910;-8.220600;41.832901;,
   -8.394760;-9.482910;42.681301;,
   -4.662470;-5.743600;31.855902;,
   -5.677150;-6.930790;32.104401;,
   -5.040190;-5.232370;32.235500;,
   -6.163380;-6.546520;32.510601;,
   -4.739750;-5.170640;32.916698;,
   -6.038490;-6.690180;33.234798;,
   -4.176340;-5.643710;32.958099;,
   -7.238620;-7.863110;32.092701;,
   -7.281800;-8.212570;32.751598;,
   -5.475090;-7.163250;33.276100;,
   -5.251760;-7.311960;32.577599;,
   -4.128580;-5.997820;32.302502;,
   -6.648530;-8.120200;31.726898;,
   -8.102230;-8.981710;31.045601;,
   -8.280400;-9.506019;31.540800;,
   -6.718390;-8.685640;32.792999;,
   -6.327000;-8.628550;32.159698;,
   -5.677150;-6.930790;32.104401;,
   -4.662470;-5.743600;31.855902;,
   -7.428710;-9.130750;30.781002;,
   -8.622730;-9.732041;29.528702;,
   -8.882260;-10.373600;29.786800;,
   -8.318860;-10.846700;29.828197;,
   -7.717000;-9.979090;31.582197;,
   -7.898920;-9.808590;29.410603;,
   -8.720879;-9.999840;27.772800;,
   -8.995750;-10.683300;27.756498;,
   -8.432340;-11.156400;27.797901;,
   -7.711120;-10.497501;29.595699;,
   -7.190620;-9.747150;31.112602;,
   -7.987590;-10.050500;27.824301;,
   -7.681200;-9.819710;26.263800;,
   -8.381730;-9.744360;26.045401;,
   -8.603590;-10.387900;25.759001;,
   -8.040180;-10.860900;25.800400;,
   -7.470120;-10.509800;26.112400;,
   -7.809260;-10.765300;27.839798;,
   -7.026410;-9.151321;24.966400;,
   -7.656920;-9.004490;24.609301;,
   -7.765480;-9.532360;24.098499;,
   -7.202080;-10.005400;24.139900;,
   -6.745300;-9.769930;24.676300;,
   -6.122900;-8.147081;24.129801;,
   -6.656790;-7.892870;23.683302;,
   -6.609030;-8.246970;23.027700;,
   -6.045620;-8.720050;23.069099;,
   -5.745180;-8.658310;23.750299;,
   -5.108230;-6.959890;23.881397;,
   -5.533620;-6.578720;23.408199;,
   -5.310290;-6.727430;22.709600;,
   -4.746880;-7.200500;22.750999;,
   -4.622000;-7.344160;23.475201;,
   -4.458370;-5.262130;23.826099;,
   -4.066980;-5.205030;23.192801;,
   -3.503560;-5.678110;23.234200;,
   -3.546750;-6.027580;23.893000;,
   -5.108230;-6.959890;23.881397;,
   -4.136850;-5.770480;24.258801;,
   -3.594760;-4.143530;24.873199;,
   -3.068380;-3.911590;24.403500;,
   -2.504980;-4.384660;24.445000;,
   -2.683150;-4.908970;24.940100;,
   -4.136850;-5.770480;24.258801;,
   -3.356670;-4.759940;25.204800;,
   -3.074260;-3.393200;26.390100;,
   -2.466520;-3.043980;26.157600;,
   -1.903120;-3.517050;26.198999;,
   -2.162650;-4.158640;26.457100;,
   -3.356670;-4.759940;25.204800;,
   -2.886450;-4.082100;26.575197;,
   -2.976110;-3.125390;28.146000;,
   -2.353040;-2.734320;28.187901;,
   -1.789630;-3.207390;28.229300;,
   -2.064500;-3.890840;28.212997;,
   -2.886450;-4.082100;26.575197;,
   -2.797790;-3.840160;28.161398;,
   -3.104170;-4.070960;29.722000;,
   -3.315260;-3.380880;29.873398;,
   -2.745200;-3.029740;30.185402;,
   -2.181790;-3.502810;30.226801;,
   -2.403650;-4.146320;29.940399;,
   -3.758960;-4.739360;31.019398;,
   -4.040080;-4.120750;31.309502;,
   -3.583300;-3.885260;31.845901;,
   -3.019890;-4.358320;31.887299;,
   -3.128460;-4.886190;31.376499;,
   -4.662470;-5.743600;31.855902;,
   -5.040190;-5.232370;32.235500;,
   -4.739750;-5.170640;32.916698;,
   -4.176340;-5.643710;32.958099;,
   -4.128580;-5.997820;32.302502;,
   -4.662470;-5.743600;31.855902;,
   -3.758960;-4.739360;31.019398;,
   -3.104170;-4.070960;29.722000;,
   -2.797790;-3.840160;28.161398;,
   -6.122900;-8.147081;24.129801;,
   -7.026410;-9.151321;24.966400;,
   -7.681200;-9.819710;26.263800;,
   -7.987590;-10.050500;27.824301;,
   -7.898920;-9.808590;29.410603;,
   -7.428710;-9.130750;30.781002;,
   -6.648530;-8.120200;31.726898;,
   -5.238910;-5.836660;36.156601;,
   -5.514920;-5.407630;35.812000;,
   -6.052350;-6.820150;35.842499;,
   -6.415350;-6.496280;35.464401;,
   -7.342160;-7.594180;35.693298;,
   -6.889630;-7.811990;36.049301;,
   -8.154270;-8.534180;36.464001;,
   -7.623290;-8.661179;36.745602;,
   -5.202030;-5.349430;35.278999;,
   -6.243200;-6.608260;34.876999;,
   -7.314890;-7.877770;35.141796;,
   -8.253930;-8.964690;36.033001;,
   -8.917390;-9.703560;37.414902;,
   -8.728040;-9.173159;37.659100;,
   -8.141630;-9.238430;37.825199;,
   -5.773800;-7.001340;34.892200;,
   -6.845490;-8.270850;35.156898;,
   -7.784540;-9.357770;36.048100;,
   -8.448000;-10.096599;37.430000;,
   -4.732640;-5.742510;35.294201;,
   -5.655850;-7.132300;35.488899;,
   -6.582670;-8.230190;35.717800;,
   -7.394790;-9.170190;36.488499;,
   -7.968550;-9.809170;37.683601;,
   -8.734861;-10.374900;39.092300;,
   -4.755430;-6.043640;35.836498;,
   -6.052350;-6.820150;35.842499;,
   -6.889630;-7.811990;36.049301;,
   -7.623290;-8.661179;36.745602;,
   -8.141630;-9.238430;37.825199;,
   -8.216630;-10.049900;39.121201;,
   -5.238910;-5.836660;36.156601;,
   -8.365750;-9.455880;39.124001;,
   -8.261510;-9.280400;40.444000;,
   -8.101250;-9.855630;40.582401;,
   -8.601441;-10.150300;40.781898;,
   -9.204240;-9.981880;39.077202;,
   -7.844800;-8.738720;41.584400;,
   -7.639980;-9.256019;41.844700;,
   -8.068060;-9.457030;42.241501;,
   -9.070820;-9.757270;40.766701;,
   -8.860750;-9.219620;40.557899;,
   -8.976120;-9.413850;39.096699;,
   -7.179040;-7.913310;42.371498;,
   -6.903030;-8.342341;42.716099;,
   -7.215920;-8.400530;43.249100;,
   -8.537450;-9.063950;42.226398;,
   -8.399460;-8.620010;41.820202;,
   -6.365600;-6.929810;42.685600;,
   -6.002600;-7.253680;43.063702;,
   -6.174750;-7.141700;43.651001;,
   -7.685310;-8.007450;43.233898;,
   -7.662510;-7.706330;42.691601;,
   -5.075790;-6.155780;42.834702;,
   -5.103060;-5.872190;43.386299;,
   -6.644140;-6.748630;43.635899;,
   -6.762090;-6.617670;43.039200;,
   -5.528310;-5.937970;42.478699;,
   -4.263670;-5.215790;42.063999;,
   -4.164020;-4.785270;42.495098;,
   -5.572460;-5.479110;43.371101;,
   -5.835280;-5.519770;42.810200;,
   -6.365600;-6.929810;42.685600;,
   -4.794660;-5.088780;41.782501;,
   -3.689900;-4.576810;40.868900;,
   -3.500560;-4.046410;41.113201;,
   -4.633400;-4.392200;42.480000;,
   -5.023160;-4.579780;42.039600;,
   -5.528310;-5.937970;42.478699;,
   -4.276320;-4.511530;40.702801;,
   -3.441830;-4.336110;39.431400;,
   -3.213710;-3.768090;39.450901;,
   -3.969950;-3.653330;41.098000;,
   -4.449400;-3.940800;40.844398;,
   -4.794660;-5.088780;41.782501;,
   -4.052200;-4.294090;39.404099;,
   -4.156440;-4.469570;38.084099;,
   -3.557210;-4.530350;37.970200;,
   -3.347130;-3.992690;37.761299;,
   -3.683090;-3.375010;39.435799;,
   -4.201320;-3.700100;39.406799;,
   -4.276320;-4.511530;40.702801;,
   -4.573150;-5.011240;36.943699;,
   -4.018490;-5.129950;36.707802;,
   -3.880500;-4.686020;36.301701;,
   -3.816510;-3.599620;37.746201;,
   -4.316690;-3.894340;37.945702;,
   -5.238910;-5.836660;36.156601;,
   -4.755430;-6.043640;35.836498;,
   -4.732640;-5.742510;35.294201;,
   -4.349890;-4.292940;36.286499;,
   -4.777970;-4.493940;36.683300;,
   -4.573150;-5.011240;36.943699;,
   -4.156440;-4.469570;38.084099;,
   -4.052200;-4.294090;39.404099;,
   -5.202030;-5.349430;35.278999;,
   -5.514920;-5.407630;35.812000;,
   -5.238910;-5.836660;36.156601;,
   -7.179040;-7.913310;42.371498;,
   -7.844800;-8.738720;41.584400;,
   -8.261510;-9.280400;40.444000;,
   -8.365750;-9.455880;39.124001;,
   -3.629740;-4.596090;35.851299;,
   -4.467990;-5.341570;37.055500;,
   -5.729250;-7.115600;36.311298;,
   -3.488620;-4.650790;34.686401;,
   -4.264670;-5.972920;31.851700;,
   -3.264410;-4.737700;32.835701;,
   -5.307380;-7.221430;31.766001;,
   -6.351790;-8.470470;31.716198;,
   -7.662860;-9.645870;34.415298;,
   -7.438640;-9.732790;32.564602;,
   -7.803980;-9.591170;35.580101;,
   -7.285910;-8.713620;36.872398;,
   -3.629740;-4.596090;35.851299;,
   -4.703420;-4.341960;35.804298;,
   -4.467990;-5.341570;37.055500;,
   -4.673410;-4.303610;34.635601;,
   -6.471090;-6.459270;35.640701;,
   -5.541680;-5.087460;37.008499;,
   -5.729250;-7.115600;36.311298;,
   -3.488620;-4.650790;34.686401;,
   -4.625730;-4.242670;32.778702;,
   -6.444200;-6.421890;34.537998;,
   -3.264410;-4.737700;32.835701;,
   -4.264670;-5.972920;31.851700;,
   -5.467420;-5.288130;31.805002;,
   -6.351550;-6.346870;31.729601;,
   -8.165660;-8.478710;32.548801;,
   -8.213350;-8.539650;34.405602;,
   -5.307380;-7.221430;31.766001;,
   -7.237380;-7.406150;31.690100;,
   -6.351790;-8.470470;31.716198;,
   -7.438640;-9.732790;32.564602;,
   -7.662860;-9.645870;34.415298;,
   -7.803980;-9.591170;35.580101;,
   -8.243359;-8.578010;35.574402;,
   -7.725280;-7.700450;36.866604;,
   -6.601090;-6.383820;36.252102;,
   -7.285910;-8.713620;36.872398;,
   2.212980;-11.281299;43.566898;,
   0.823163;-6.504530;40.556599;,
   5.256480;-13.683600;43.401501;,
   5.718160;-5.746330;37.156799;,
   8.618730;-12.771000;43.089901;,
   6.784350;-15.548400;45.310101;,
   9.520030;-15.391200;46.269001;,
   7.702170;-16.832600;46.952499;,
   8.304120;-16.223101;51.819698;,
   10.941900;-13.414500;53.217098;,
   10.151500;-3.381920;38.793598;,
   12.520300;-9.497700;44.316700;,
   12.932600;-12.143601;47.638100;,
   11.511700;-8.233510;51.620399;,
   8.898850;0.141140;36.568401;,
   10.649000;0.825454;43.056400;,
   13.013800;-4.868820;46.614899;,
   10.188100;-2.019140;48.965302;,
   7.940340;-3.937300;52.453201;,
   6.498100;-1.463660;49.450500;,
   4.844460;-2.261690;51.000999;,
   8.607770;2.650240;46.942902;,
   3.998530;2.549550;48.835499;,
   2.704090;-3.225450;47.452599;,
   1.146220;-2.433690;48.629799;,
   -1.769760;-6.152170;45.812599;,
   0.161726;-6.146270;44.273602;,
   8.172910;6.522830;44.971001;,
   2.255480;6.686250;46.797100;,
   -2.280200;4.019040;46.029202;,
   -0.378675;0.230435;48.148499;,
   -1.209060;-3.504000;44.821301;,
   10.439900;4.371260;41.556499;,
   0.823163;-6.504530;40.556599;,
   2.212980;-11.281299;43.566898;,
   -0.545660;-9.248910;44.155800;,
   -0.191558;-2.907270;37.706799;,
   -3.520920;0.312713;42.451900;,
   -1.888200;0.821388;34.167198;,
   -5.879160;4.490060;39.621601;,
   2.212980;-11.281299;43.566898;,
   5.256480;-13.683600;43.401501;,
   -3.218210;-12.067099;36.002300;,
   -2.082650;-17.166403;33.035301;,
   4.285940;-17.760099;39.640598;,
   1.776730;-22.326401;39.591702;,
   -3.942710;-21.786900;34.523602;,
   -2.766200;-23.617599;41.575802;,
   -7.366600;-23.516197;38.872002;,
   6.784350;-15.548400;45.310101;,
   6.699960;-18.822500;43.882999;,
   4.316950;-22.926300;43.843201;,
   -0.545173;-23.257900;46.571201;,
   -5.478370;-21.629000;44.007599;,
   -10.109800;-21.902201;42.397598;,
   -10.634499;-24.539400;37.100101;,
   7.702170;-16.832600;46.952499;,
   5.823960;-19.295200;50.803600;,
   3.510750;-22.619200;50.172699;,
   -1.519860;-22.962000;50.251900;,
   -4.689140;-20.882797;47.143002;,
   -6.836430;-17.832001;45.097500;,
   -11.630600;-17.381397;43.850201;,
   -13.711899;-22.846100;40.114899;,
   -6.415630;-21.209000;50.313900;,
   -8.106361;-17.588900;49.036598;,
   -6.604460;-17.685400;46.513000;,
   -6.445330;-13.360400;45.893101;,
   -5.747930;-13.440699;44.099602;,
   -10.159200;-12.713700;41.814301;,
   -14.678501;-12.091500;40.359600;,
   -11.197699;-9.984590;36.965698;,
   -8.549670;-13.725600;48.558601;,
   -5.891920;-9.827910;48.845798;,
   -3.944030;-9.174680;44.875500;,
   -2.722370;-10.349399;43.203499;,
   -6.892130;-10.839501;39.646801;,
   -6.648310;-12.434400;32.809898;,
   -3.218210;-12.067099;36.002300;,
   2.212980;-11.281299;43.566898;,
   -4.537450;-7.706090;49.234798;,
   -2.967460;-7.586600;45.041199;,
   -0.217631;-9.505010;44.129398;,
   -0.545660;-9.248910;44.155800;,
   -5.028390;-4.846700;50.106400;,
   -3.954720;-5.100820;50.153400;,
   -4.108590;-4.745950;45.984604;,
   -5.182280;-4.491830;45.937599;,
   -6.798530;-6.964780;49.994999;,
   -6.949950;-6.609130;45.773998;,
   -8.722210;-8.727870;45.707699;,
   -8.568330;-9.082750;49.876499;,
   -4.220520;-4.487830;42.952400;,
   -5.294200;-4.233710;42.905399;,
   -7.020020;-6.337920;41.856300;,
   -8.834130;-8.469760;42.675499;,
   -8.394760;-9.482910;42.681301;,
   -8.282830;-9.741040;45.713501;,
   -8.128950;-10.095899;49.882301;,
   -4.108590;-4.745950;45.984604;,
   -3.954720;-5.100820;50.153400;,
   -6.019080;-7.619510;50.057201;,
   -6.146710;-7.281170;45.788700;,
   -4.220520;-4.487830;42.952400;,
   -6.263500;-6.971560;41.882702;,
   -8.394760;-9.482910;42.681301;,
   -8.282830;-9.741040;45.713501;,
   -8.128950;-10.095899;49.882301;,
   -8.704990;-14.763299;15.887000;,
   -6.468130;-11.148400;17.484600;,
   -8.715750;-14.580301;20.525801;,
   -6.616380;-11.130100;20.675501;,
   -8.719960;-14.379800;25.389299;,
   -6.731270;-11.062700;25.531799;,
   -3.948200;-7.659150;20.852400;,
   -4.184300;-7.737460;25.700899;,
   -1.091500;-4.283520;25.897699;,
   -3.788100;-7.701210;16.719299;,
   -0.412739;-3.900420;15.698101;,
   -0.721210;-4.043910;21.057899;,
   1.237760;-2.410280;26.035299;,
   1.692920;-2.068660;21.201099;,
   2.065430;-1.842470;15.980800;,
   2.314610;-1.691160;12.488800;,
   -2.496970;-6.274220;14.567899;,
   0.043708;-3.664870;8.605200;,
   0.481510;-1.642260;21.149900;,
   0.026351;-1.983880;25.984100;,
   1.237760;-2.410280;26.035299;,
   -1.645910;-3.272880;21.025400;,
   -2.016200;-3.512490;25.865101;,
   -4.872900;-6.888120;20.819901;,
   -5.109000;-6.966420;25.668301;,
   -7.655970;-10.291700;25.499302;,
   1.692920;-2.068660;21.201099;,
   2.065430;-1.842470;15.980800;,
   0.868639;-1.407190;15.724699;,
   -1.301200;-3.112520;15.035901;,
   2.314610;-1.691160;12.488800;,
   1.103200;-1.264760;12.437600;,
   -0.852186;-2.856850;8.922940;,
   -3.412340;-5.493620;14.511899;,
   0.043708;-3.664870;8.605200;,
   -2.496970;-6.274220;14.567899;,
   -4.740050;-7.040360;16.335501;,
   -7.273100;-10.308800;17.157801;,
   -7.541080;-10.359100;20.642900;,
   -9.157350;-13.023000;25.388397;,
   -9.153140;-13.223500;20.524900;,
   -8.719960;-14.379800;25.389299;,
   -3.788100;-7.701210;16.719299;,
   -6.468130;-11.148400;17.484600;,
   -9.142390;-13.406600;15.886099;,
   -8.704990;-14.763299;15.887000;,
   -8.715750;-14.580301;20.525801;,
   -18.873301;-37.457600;-0.000000;,
   -18.746597;-28.598198;0.000000;,
   -13.255000;-36.860600;-0.000000;,
   -13.536299;-28.888597;0.000000;,
   -6.566670;-30.448000;0.000000;,
   -7.556540;-36.957100;-0.000000;,
   -4.909240;-35.104401;0.000000;,
   -4.383140;-32.752399;0.000000;,
   -11.219499;-20.264797;20.704500;,
   -7.923000;-22.088600;24.156799;,
   -8.507950;-23.862400;17.374599;,
   -6.869050;-26.479401;22.720800;,
   -8.060450;-28.244801;19.011900;,
   -8.475761;-29.327700;13.861000;,
   -7.793600;-30.993502;15.730600;,
   -6.461530;-32.981499;11.059100;,
   -7.856620;-31.937698;10.030599;,
   -9.499580;-26.079599;27.997700;,
   -7.427020;-28.823200;25.037300;,
   -8.594570;-30.175200;21.217600;,
   -8.240530;-32.592899;17.515400;,
   -6.699380;-35.135601;11.643300;,
   -9.382450;-30.420099;25.944201;,
   -10.380800;-31.616301;21.448700;,
   -9.730290;-33.178902;17.761200;,
   -8.213750;-35.908798;11.572500;,
   -11.893700;-27.743299;28.919901;,
   -14.095000;-32.245701;24.655399;,
   -14.210499;-33.016899;21.694300;,
   -12.502200;-33.930801;17.250900;,
   -11.551300;-36.086601;10.023100;,
   -6.720220;-37.377602;4.550350;,
   -16.269501;-29.025402;27.981398;,
   -17.066900;-30.472000;19.809401;,
   -13.723501;-33.045700;15.299301;,
   -15.019901;-33.346401;10.374100;,
   -17.194401;-32.738602;8.696590;,
   -12.758799;-36.859501;4.252560;,
   -20.767597;-27.213600;24.327400;,
   -21.061197;-23.567600;21.057600;,
   -17.204800;-28.222500;16.400299;,
   -15.223099;-31.920700;12.976000;,
   -12.625800;-31.192602;10.334000;,
   -14.952200;-29.840099;8.023030;,
   -18.519400;-20.474800;18.410700;,
   -13.350400;-25.879499;16.018101;,
   -11.794200;-29.825798;12.421100;,
   -7.856620;-31.937698;10.030599;,
   -8.147980;-30.461201;6.172700;,
   -13.632600;-29.469200;3.556340;,
   -11.219499;-20.264797;20.704500;,
   -8.507950;-23.862400;17.374599;,
   -8.475761;-29.327700;13.861000;,
   -6.410740;-30.709902;2.505800;,
   -13.536299;-28.888597;0.000000;,
   -6.566670;-30.448000;0.000000;,
   -8.147980;-30.461201;6.172700;,
   -3.928590;-33.371101;4.886690;,
   -6.410740;-30.709902;2.505800;,
   -3.762530;-33.151901;1.935750;,
   -4.383140;-32.752399;0.000000;,
   -6.566670;-30.448000;0.000000;,
   -4.105720;-35.656200;4.701480;,
   -4.133940;-35.474300;1.853660;,
   -4.909240;-35.104401;0.000000;,
   -6.654550;-37.302200;1.786670;,
   -7.556540;-36.957100;-0.000000;,
   -12.503800;-37.018902;1.885020;,
   -13.255000;-36.860600;-0.000000;,
   -18.301800;-37.817299;1.769700;,
   -18.873301;-37.457600;-0.000000;,
   -29.347797;-36.897800;-0.000000;,
   -31.449802;-32.257301;-0.000000;,
   -30.344000;-28.008400;0.000000;,
   -24.093599;-28.249002;0.000000;,
   -24.315298;-38.184101;-0.000000;,
   -18.873301;-37.457600;-0.000000;,
   -18.746597;-28.598198;0.000000;,
   -14.952200;-29.840099;8.023030;,
   -13.632600;-29.469200;3.556340;,
   -18.111900;-29.428198;5.555160;,
   -17.934000;-29.124903;3.093880;,
   -21.652000;-28.812700;3.314420;,
   -21.971001;-32.726501;5.682420;,
   -18.771500;-32.893799;7.793380;,
   -17.194401;-32.738602;8.696590;,
   -13.536299;-28.888597;0.000000;,
   -18.746597;-28.598198;0.000000;,
   -24.093599;-28.249002;0.000000;,
   -24.701000;-28.300800;2.491750;,
   -24.679501;-32.662800;4.357210;,
   -21.312700;-38.077702;1.937930;,
   -18.782499;-37.910900;3.109340;,
   -12.758799;-36.859501;4.252560;,
   -18.301800;-37.817299;1.769700;,
   -30.344000;-28.008400;0.000000;,
   -31.143700;-28.303402;1.636090;,
   -31.648100;-31.924301;1.810120;,
   -29.663502;-36.994202;1.870000;,
   -24.725500;-38.633301;1.607900;,
   -31.449802;-32.257301;-0.000000;,
   -29.347797;-36.897800;-0.000000;,
   -24.315298;-38.184101;-0.000000;,
   -18.873301;-37.457600;-0.000000;,
   -14.674301;5.540680;89.448502;,
   -15.361301;5.552250;89.349297;,
   -15.447600;8.106500;89.737396;,
   -14.736499;8.328380;89.822304;,
   -14.042301;8.101421;89.992699;,
   -14.039200;9.051500;89.822403;,
   -14.704600;9.275510;89.660202;,
   -13.981200;9.722010;89.382301;,
   -14.624501;9.942620;89.231697;,
   -15.385800;9.056440;89.577904;,
   -15.280800;9.726810;89.146004;,
   -14.624501;9.942620;89.231697;,
   -15.280800;9.726810;89.146004;,
   -15.386600;10.108100;89.556396;,
   -14.696499;10.273800;89.628098;,
   -14.026600;10.104999;89.805801;,
   -13.981200;9.722010;89.382301;,
   -14.777200;9.892010;90.063400;,
   -14.032600;9.844800;90.187599;,
   -14.369600;9.819320;90.730400;,
   -13.860099;9.641820;90.949303;,
   -15.517600;9.848190;89.915199;,
   -15.395299;9.821660;90.542198;,
   -14.866701;9.846910;90.550499;,
   -14.888000;10.093900;90.670197;,
   -14.193000;10.223100;90.977898;,
   -13.986101;9.944850;90.984802;,
   -15.950099;9.646590;90.565903;,
   -15.843600;9.949081;90.644096;,
   -15.646400;10.226499;90.711304;,
   -16.662399;8.999930;89.643898;,
   -16.911800;8.966490;90.620300;,
   -16.223499;9.306300;91.015198;,
   -15.970800;9.942450;90.971397;,
   -15.662301;10.283900;91.084900;,
   -15.339600;10.825400;90.863403;,
   -17.490999;8.352861;89.370598;,
   -18.153500;8.136880;90.373001;,
   -18.196899;8.619750;91.574097;,
   -17.000603;9.163430;91.502296;,
   -16.122101;9.346840;91.682800;,
   -16.018700;9.862001;91.540497;,
   -18.074800;7.076610;89.941002;,
   -18.885597;6.164080;91.344398;,
   -19.560200;7.143920;91.773804;,
   -17.543900;7.455940;88.855301;,
   -18.323500;6.013200;89.253601;,
   -18.962099;4.735640;90.304901;,
   -19.475100;4.610590;92.466797;,
   -20.020100;5.245830;93.359001;,
   -17.769300;6.612570;88.073898;,
   -17.942801;5.187780;87.794403;,
   -18.440599;4.561890;89.177696;,
   -18.468599;4.303580;89.470802;,
   -18.850000;4.451630;90.259102;,
   -19.586201;6.509420;93.468697;,
   -19.357300;7.411340;92.605400;,
   -18.985600;7.865030;93.211800;,
   -18.084997;8.940810;92.587898;,
   -16.974199;9.306090;92.419800;,
   -19.468397;7.086220;93.921600;,
   -18.632000;8.167240;93.641998;,
   -17.531700;8.675130;93.063797;,
   -16.810900;8.979810;92.990700;,
   -16.129499;9.452050;92.444099;,
   -19.537701;7.824280;94.169701;,
   -18.645000;8.733160;93.868202;,
   -17.712700;9.087900;94.017998;,
   -16.895599;9.229281;93.794800;,
   -19.942699;7.597430;95.193703;,
   -19.596203;8.565220;95.052399;,
   -19.460300;8.604330;94.424599;,
   -18.407900;9.602161;94.625198;,
   -17.965597;9.474750;94.136803;,
   -17.003498;9.891580;93.882698;,
   -19.561003;8.137580;95.643600;,
   -18.521299;9.165650;95.828796;,
   -18.626200;9.674870;95.159203;,
   -17.279400;10.297200;95.101097;,
   -17.107700;10.214800;94.351402;,
   -16.146999;10.195599;93.983002;,
   -16.103203;9.946650;93.500900;,
   -17.659300;9.753620;95.904701;,
   -16.863003;10.029700;95.830002;,
   -16.527100;10.488100;95.014801;,
   -15.691301;10.296100;95.051697;,
   -15.497400;10.074799;93.991699;,
   -15.881899;9.836420;93.665298;,
   -16.117302;9.251650;93.555496;,
   -15.835301;9.996300;95.832901;,
   -14.896000;10.484400;95.314102;,
   -14.886400;10.192700;94.214203;,
   -15.023099;9.834460;93.822800;,
   -15.399400;10.058500;93.457397;,
   -14.873400;10.025200;96.195000;,
   -14.224200;10.290300;95.661598;,
   -14.119000;10.208000;94.899597;,
   -14.051400;9.884850;94.424202;,
   -14.757400;9.943580;93.747803;,
   -14.156701;9.745640;96.547203;,
   -12.988500;9.662020;96.193398;,
   -13.003400;9.589840;95.616600;,
   -13.244001;9.463990;95.002899;,
   -13.440000;9.078160;94.801697;,
   -14.124000;9.222961;94.303299;,
   -13.326500;9.153810;96.781700;,
   -12.048600;8.548020;96.436897;,
   -11.952700;8.587220;95.801804;,
   -12.516800;8.719190;94.992401;,
   -12.451199;8.153150;94.775803;,
   -13.272400;8.665430;93.845100;,
   -12.293300;8.121010;96.976799;,
   -11.779101;7.578820;96.691200;,
   -11.793300;7.806620;95.590401;,
   -11.773300;7.068680;95.333199;,
   -11.969200;7.849030;94.498901;,
   -12.585000;8.928270;93.596802;,
   -11.063100;4.433880;91.687500;,
   -11.140500;4.286870;90.815002;,
   -10.973300;4.717430;91.770401;,
   -11.061499;4.545070;90.531403;,
   -11.191500;5.996940;90.561897;,
